day,phase,tiltx_11m,tiltx_19m,pcnn_pred_11m,pcnn_pred_19m,q_AB,q_BC,fe_q_AB,fe_q_BC,pcnn_slope_0.0m,pcnn_defl_0.0m,pcnn_slope_0.5m,pcnn_defl_0.5m,pcnn_slope_1.0m,pcnn_defl_1.0m,pcnn_slope_1.5m,pcnn_defl_1.5m,pcnn_slope_2.0m,pcnn_defl_2.0m,pcnn_slope_2.5m,pcnn_defl_2.5m,pcnn_slope_3.0m,pcnn_defl_3.0m,pcnn_slope_3.5m,pcnn_defl_3.5m,pcnn_slope_4.0m,pcnn_defl_4.0m,pcnn_slope_4.5m,pcnn_defl_4.5m,pcnn_slope_5.0m,pcnn_defl_5.0m,pcnn_slope_5.5m,pcnn_defl_5.5m,pcnn_slope_6.0m,pcnn_defl_6.0m,pcnn_slope_6.5m,pcnn_defl_6.5m,pcnn_slope_7.0m,pcnn_defl_7.0m,pcnn_slope_7.5m,pcnn_defl_7.5m,pcnn_slope_8.0m,pcnn_defl_8.0m,pcnn_slope_8.5m,pcnn_defl_8.5m,pcnn_slope_9.0m,pcnn_defl_9.0m,pcnn_slope_9.5m,pcnn_defl_9.5m,pcnn_slope_10.0m,pcnn_defl_10.0m,pcnn_slope_10.5m,pcnn_defl_10.5m,pcnn_slope_11.0m,pcnn_defl_11.0m,pcnn_slope_11.5m,pcnn_defl_11.5m,pcnn_slope_12.0m,pcnn_defl_12.0m,pcnn_slope_12.5m,pcnn_defl_12.5m,pcnn_slope_13.0m,pcnn_defl_13.0m,pcnn_slope_13.5m,pcnn_defl_13.5m,pcnn_slope_14.0m,pcnn_defl_14.0m,pcnn_slope_14.5m,pcnn_defl_14.5m,pcnn_slope_15.0m,pcnn_defl_15.0m,pcnn_slope_15.5m,pcnn_defl_15.5m,pcnn_slope_16.0m,pcnn_defl_16.0m,pcnn_slope_16.5m,pcnn_defl_16.5m,pcnn_slope_17.0m,pcnn_defl_17.0m,pcnn_slope_17.5m,pcnn_defl_17.5m,pcnn_slope_18.0m,pcnn_defl_18.0m,pcnn_slope_18.5m,pcnn_defl_18.5m,pcnn_slope_19.0m,pcnn_defl_19.0m,pcnn_slope_19.5m,pcnn_defl_19.5m,pcnn_slope_20.0m,pcnn_defl_20.0m,pcnn_slope_20.5m,pcnn_defl_20.5m,pcnn_slope_21.0m,pcnn_defl_21.0m,pcnn_slope_21.5m,pcnn_defl_21.5m,pcnn_slope_22.0m,pcnn_defl_22.0m,pcnn_slope_22.5m,pcnn_defl_22.5m,pcnn_slope_23.0m,pcnn_defl_23.0m,pcnn_slope_23.5m,pcnn_defl_23.5m,pcnn_slope_24.0m,pcnn_defl_24.0m,pcnn_slope_24.5m,pcnn_defl_24.5m,pcnn_slope_25.0m,pcnn_defl_25.0m,pcnn_slope_25.5m,pcnn_defl_25.5m,pcnn_slope_26.0m,pcnn_defl_26.0m,pcnn_slope_26.5m,pcnn_defl_26.5m,pcnn_slope_27.0m,pcnn_defl_27.0m,pcnn_slope_27.5m,pcnn_defl_27.5m,pcnn_slope_28.0m,pcnn_defl_28.0m,pcnn_slope_28.5m,pcnn_defl_28.5m,pcnn_slope_29.0m,pcnn_defl_29.0m,pcnn_slope_29.5m,pcnn_defl_29.5m,pcnn_slope_30.0m,pcnn_defl_30.0m
21,1,-0.21107119355319148,1.5170824494184398,-0.22368086056473035,1.6027408616678058,4.91045764672966,4.980819301973996,1.584746177618813,6.069638268167834,-0.0,-0.0,-0.27415651164714233,-0.07432208719047095,-0.42208401306103005,-0.2531273655876607,-0.46785946120031774,-0.47939032784860797,-0.43383897906843566,-0.7076975416254899,-0.3405738962978151,-0.9033656268319334,-0.20674174290319744,-1.0415209788342776,-0.04909235662625987,-1.1061487660903848,0.11759100774609094,-1.089118741926578,0.280515922941626,-0.9891952920047911,0.42889095535524624,-0.8110389067261969,0.553922497620338,-0.5642059382115735,0.648799154333768,-0.26215309215428173,0.7086646754853663,0.07874736686013012,0.7305805081364678,0.44017623551474766,0.7134790840903408,0.8028149045517193,0.6581089831244066,1.1472674566530865,0.5669731113381424,1.4549535524912849,0.4442610157262757,1.7089688938940786,0.2957764223757187,1.8949106057701577,0.1288610395421003,2.001665411068656,-0.047684389221110894,2.0221589800197837,-0.22368086056473035,1.9540653118087339,-0.38765286390795617,1.8004754502658216,-0.526910333480222,1.5705252425889493,-0.62763009900946,1.2799822198050452,-0.6749362124171705,0.9517920085786886,-0.6529786062932869,0.6165849756779184,-0.5450096174347483,0.3131440590831984,-0.33345798430812773,0.08883495408856303,-0.0,0.0,0.2853927075210954,0.07170577073485217,0.5582940547906917,0.28330491824428894,0.8115518562042103,0.6267201924326361,1.039041269822676,1.090556532568456,1.2356291762904552,1.6606059071848234,1.397137023232449,2.3203339412242805,1.5203025616545387,3.0513476714264867,1.6027408616678058,3.8338439744265846,1.6429049557286335,4.647038395895619,1.640046419073513,5.469574273486039,1.594176159605454,6.279912191774707,1.5060256535664043,7.056699934473623,1.3770088292445595,7.779123208741732,1.2091847689835251,8.427237509468014,1.0052213700790569,8.982281569009821,0.7683600778995416,9.42697290124816,0.5023817798179098,9.745785999197091,0.21157392630962882,9.925213784036224,-0.09930107418051361,9.954012931571883,-0.42503615734600586,9.823433720999706,-0.7600085878923591,9.52743506161422,-1.0982076258546138,9.062885356906918,-1.4332608839130296,8.429749863355722,-1.758459394295248,7.6312651940999965,-2.066781411217069,6.674101606494223,-2.350914980682327,5.568513698031449,-2.603279314007467,4.328480118029733,-2.816045004824346,2.971832883399902,-2.981153131703379,1.520376866300758,-3.0903332900754514,0.0
22,1,-0.2622841550555555,1.7076861817222222,-0.25591160614155695,1.6704049180726324,4.907741595098157,4.981713639075376,1.9692588324210336,6.832217591453881,-0.0,-0.0,-0.28023957301881436,-0.0760260939036059,-0.4301823261164586,-0.2585321423693531,-0.4745976015869872,-0.4886298729867654,-0.4365704094814435,-0.7193992871155557,-0.33739566285482653,-0.9150194870897249,-0.19648664142370587,-1.0498501249639232,-0.03129881360812019,-1.1074708819166932,0.14273016777938818,-1.0796868750536974,0.31222382028649315,-0.9655082118737616,0.4658934103727104,-0.7701120633978631,0.594547973331983,-0.5037956037138698,0.6910883172125067,-0.18092797256878382,0.7504858469606648,0.18109092860847525,0.7697472973969903,0.5628574799623085,0.7478666679841385,0.9439704959464081,0.6857658049541262,1.3040104445682248,0.5862251764766739,1.6234864401484193,0.4538064360525674,1.884746503857532,0.2947683722284618,2.0728473864465715,0.11697780465462823,2.176381038693387,-0.07018308595091975,2.18825557826998,-0.25591160614155695,2.106429321563633,-0.42808030861414964,1.934597113574956,-0.5733325274103037,1.6828287899419003,-0.6771766962873523,1.3681601371748062,-0.7240786003522265,1.0151371779478413,-0.6975508521208328,0.6563149978075952,-0.580239018550195,0.3327126499337627,-0.35400395263668727,0.09422592915948304,-0.0,0.0,0.30155067478931946,0.07582151350977481,0.588653112502492,0.2991363049432349,0.8539498725697688,0.6608342362732348,1.0911830430255482,1.1484030364302003,1.295152203507647,1.7464676455173698,1.4616705719381025,2.4373080598658436,1.587519938057331,3.201354923456428,1.6704049180726324,4.017662395541607,1.708906997661437,4.864358074572557,1.7024387665289389,5.719069976003139,1.6511986874573332,6.559330747906581,1.5561266868473396,7.362959465636146,1.418860802478846,8.108421477244216,1.241695077767974,8.775166877422885,1.0275388501925793,9.343948271765605,0.7798775447047839,9.797118557577619,0.5027350506680592,10.118909494615687,0.2006377329042576,10.295691871243955,-0.12141989647643518,10.316218090645581,-0.45800783898063463,10.17184800987009,-0.803291613693776,9.856758863402568,-1.151061628376752,9.368140094221026,-1.4947609528183146,8.70637390040217,-1.8275115382202363,7.875202285518652,-2.1421389329691802,6.881881377457452,-2.4311955499368545,5.737323753846524,-2.686982543715193,4.45622948383148,-2.9015703581797956,3.0572065661956764,-3.0668180057017285,1.562881413348636,-3.1743911393906123,0.0
23,1,-0.3068887537291667,1.751308311201389,-0.3275155666004613,1.7432592266153004,4.918027306144696,4.985745690256498,2.3041551584533826,7.006743733080014,-0.0,-0.0,-0.27474228183168165,-0.07478042621469157,-0.4166046409023512,-0.2526045154968681,-0.45134069147096206,-0.4735403575741785,-0.40296429926517485,-0.6901035127019598,-0.2936230201617014,-0.866354832680623,-0.14348833456990903,-0.9769391311053661,0.02933584036112337,-1.006073486067466,0.20888525763227186,-0.9464946066653424,0.38138737936784217,-0.798375143437051,0.5352930980814494,-0.5682190575495942,0.6612883311786708,-0.26774617805987977,0.7522861057968401,0.0872241264266694,0.8034001454602753,0.47788064417702764,0.8119013175594092,0.8835104621577903,0.777158589393473,1.282563384933285,0.7005663622757475,1.6536833445162005,0.5854602038824233,1.976700490465689,0.43702307851948297,2.233578682410651,0.2621841867816681,2.4093141626686325,0.06951247665927779,2.4927822323967987,-0.1308932138024472,2.4775297622380315,-0.3275155666004613,2.3625123139230455,-0.5075301071561586,2.152775514182262,-0.6569149989963454,1.860081093359399,-0.7605580766459857,1.5034786701707694,-0.8023600952139427,1.1098249276521213,-0.7653333820123847,0.7142522840488572,-0.6316952718123826,0.36058952012546736,-0.38295588860373214,0.10173708755470917,-0.0,0.0,0.32293022871289906,0.08132298934315876,0.6276562601276259,0.3198894380537955,0.9068717970220495,0.7047210191534211,1.1544368751952323,1.2214799674199428,1.3653257615433636,1.8530393032056194,1.5355732793819683,2.580026578169398,1.6622203236430997,3.381340551511,1.7432592266153004,4.234640560988466,1.7775795370557674,5.11680865866467,1.7649146834400946,6.004384839459268,1.7057899069568279,6.8739759043703925,1.6014717722940366,7.702638673318102,1.4539194946332086,8.468238398844113,1.265738259603179,9.149783335364585,1.0401346590716516,9.727736493261926,0.7808743192164358,10.184305656630675,0.4922417578584864,10.503712771568454,0.17900247501398772,10.672443821881874,-0.15363274655010278,10.679480304031163,-0.5000413758930974,10.5165133958431,-0.8542205660104611,10.178141886455851,-1.2098165590620569,9.662054900304906,-1.560152149958283,8.969200407616304,-1.898252300177291,8.103940469480074,-2.216867997769006,7.074194118521904,-2.5084984614589327,5.891568727643989,-2.7654117869781993,4.571480670230756,-2.9796641325539164,3.1332660263978434,-3.143117538192508,1.6002820419306403,-3.2474564702347704,0.0
24,1,-0.31041459513888886,1.7611046540972222,-0.3177881843590471,1.7309339736023543,4.91244645286811,4.984916857320228,2.3306275709265667,7.045937553924383,-0.0,-0.0,-0.28098188064427054,-0.07644658677412951,-0.42679562849940794,-0.2584630254146285,-0.46368565853863847,-0.48509825776773785,-0.41609935386566405,-0.7080800185389778,-0.3065561916501876,-0.8908828105755053,-0.15553662481776948,-1.00773531900379,0.018608017885394915,-1.0425774787714575,0.19972386332985007,-0.9879779138860694,0.3739008222355472,-0.844022712539312,0.5294971774759833,-0.6171864940321241,0.657143157776351,-0.31919647441901833,0.7497246326683383,0.034100229930180304,0.8023484117379078,0.423856479211339,0.812290907276195,0.8293233994744093,0.7789321208685873,1.2289192493260974,0.7036770416043047,1.6012620441478824,0.5898666002323945,1.9261601787528453,0.44268031621840936,2.1855563622282794,0.2690327117017739,2.3644212335716084,0.07746545741969053,2.4515940382007786,-0.12196292919030129,2.4405686930268264,-0.3177881843590471,2.33022443605076,-0.4972507350593945,2.125501034740996,-0.646404206998805,1.8380192095269978,-0.7502209349657312,1.4866475122515874,-0.792693599528727,1.0980173852659552,-0.7569322973581418,0.7069885185664079,-0.625256522972093,0.3570669255161759,-0.37928169513240845,0.10077837927282876,-0.0,0.0,0.32010973992478853,0.08060256688826063,0.6223829707372444,0.31713022840480337,0.8995143421067315,0.6987887519908901,1.1453638991906299,1.2114247543505205,1.354904025142848,1.8380952008250533,1.5241651723007,2.559610042671348,1.6501810663026648,3.3550475616441076,1.7309339736023543,4.202242309773899,1.7653005341869934,5.078245805064147,1.7529985787387634,5.9597603738232685,1.6945352736056878,6.823546720711643,1.5911568681005674,7.6468059617580595,1.4448002569146168,8.4075369771309,1.2580465157253844,9.084870032877076,1.034076520163002,9.659377687625893,0.7766287168361262,10.113364044710858,0.4899590796958198,10.431133435414885,0.17880325517036882,10.599239627999836,-0.15165912525232658,10.606716652507174,-0.49583800648467086,10.445292315432203,-0.8477644029034532,10.109585453451045,-1.2011198930384335,9.597287943343268,-1.5492641952097566,8.909332447794442,-1.8852609100191473,8.050046835351003,-2.201901519856588,7.02729616869375,-2.491727737883121,5.852613109666926,-2.747052299622371,4.541317543039514,-2.9599782896351807,3.1126261745243933,-3.122417094026073,1.5897528127356308,-3.2261050669674782,0.0
25,1,-0.33575680108333333,1.7632573528541666,-0.3177464331367324,1.726152069155769,4.915750664461747,4.9841102650952,2.5208996934593197,7.054550205636224,-0.0,-0.0,-0.28258883342384206,-0.07687561714752371,-0.42939119741773857,-0.25996683641746365,-0.4667338103250859,-0.4880334576461994,-0.41915721370648357,-0.7125581353774583,-0.3092800601516421,-0.8968185810888258,-0.15768307533484582,-1.0148967537435407,0.01718577831076124,-1.050635278864375,0.1990839351288665,-0.9965519697285146,0.3740242011643955,-0.852723688855711,0.5303021564440759,-0.6256508798073177,0.658501586794335,-0.3271139257756278,0.7514790181489998,0.026967929607378597,0.8043288351267172,0.417665005367101,0.8143308002866408,0.8241436841470063,0.7808820433702006,1.22474269991829,0.70541575826631,1.5980120016007482,0.5913089311371577,1.9237081254076598,0.4437814317179538,2.183741175643143,0.26978873990730573,2.363069667354265,0.07791046216251729,2.4505405930589044,-0.12176337114722785,2.4396731138377725,-0.3177464331367324,2.329385222583985,-0.4972690767768931,2.1246635703871726,-0.6463888138073114,1.837177377823372,-0.7500971804547651,1.4858379683452407,-0.7924220984534041,1.0973059623663501,-0.756525051485197,0.7064485628488095,-0.6247925916919994,0.3567496537263099,-0.3789218653975511,0.10067563066885911,-0.0,0.0,0.3196742165447295,0.08049847942727635,0.6214068146208972,0.316677142111741,0.8979169514473333,0.6976950436194963,1.1430948074004987,1.2093658477873062,1.3519462583015633,1.834729564640554,1.5205365450802217,2.554596341449854,1.6459336611088733,3.348061990331012,1.726152069155769,4.19299526858748,1.760097258654263,5.066497208333955,1.747511560900667,5.94533302366121,1.6889215554785524,6.8063373109570255,1.585587325886699,7.626793405441803,1.4394537559474299,8.3847878689989,1.2531040007939322,9.059541165372961,1.0297152166190928,9.631715632975705,0.7730165913448135,10.083701896820983,0.4872496833030334,10.39988487314682,0.17713104623875464,10.566890516385293,-0.15218290422404823,10.573814441283725,-0.4951288457320953,10.412433525803337,-0.8457674029485336,10.0774015652401,-1.1978119870546473,9.566430006833384,-1.544655715173877,8.880454748675875,-1.879396508219326,8.023789938469122,-2.1948604677811288,7.004269657806393,-2.4836236329681656,5.833378327213753,-2.738032216954719,4.526370616959701,-2.9502214206668245,3.102381599305572,-3.1121329178430237,1.5845278299194576,-3.21553110184921,0.0
26,1,-0.31424548188194446,1.7035439469861111,-0.3317260434263196,1.7444126039494712,4.911947057752678,4.984897572163194,2.359390297951266,6.815645079867796,-0.0,-0.0,-0.28093795756849255,-0.07647811052804689,-0.4257993238627707,-0.2582675612113589,-0.46106396556888923,-0.48402126197147977,-0.41142339435756176,-0.7051914097095863,-0.29963640839036,-0.885098354417548,-0.14640648645715285,-0.9979326485466573,0.0297175728780317,-1.0277015560703489,0.21241692559663264,-0.9671318811765213,0.3876536659415948,-0.8165412368026749,0.5436979139628567,-0.5826898235365767,0.6711319398485677,-0.2776244546889157,0.7628327208214346,0.08247402224770004,0.813934703353993,0.47842955338795723,0.8217748298360622,0.8891865629042772,0.7858220847466724,1.292894183806624,0.7075939250892386,1.6679518831303526,0.590561990799368,1.9940105228205127,0.44004945275014584,2.252924088587294,0.2631222599404117,2.4296484759837864,0.06847640509114816,2.513084819846815,-0.13367684929144033,2.4968658697797843,-0.3317260434263196,2.380084835893915,-0.512773365552085,2.167966946108342,-0.6627459648456909,1.8724846641126591,-0.766503645646301,1.5129181147580828,-0.8079420678535401,1.11636275358277,-0.7700907773758663,0.7181867044053836,-0.6352055740307325,0.36244048040290483,-0.3848548901430956,0.10222200815722318,-0.0,0.0,0.32418653227382416,0.08165335246082314,0.6297835153270464,0.32108141969514853,0.9095058965659231,0.7071178814672721,1.1572478933672565,1.2252510111694102,1.3680269907566887,1.8581993676678592,1.5379269502797845,2.5864592069099817,1.6640405415058526,3.3888233011860014,1.7444126039494712,4.242871183501197,1.777983949988025,5.125431113814531,1.7645365294961848,6.013014296404519,1.7046401949525376,6.882222067156159,1.5996013319446611,7.710126920142448,1.4514135543112987,8.474628358578583,1.2627106054288342,9.154784640087673,1.0367215570440307,9.731121544135144,0.7772283541394468,10.185919324171088,0.4885257180830939,10.503479021937995,0.17538339020474009,10.670369319755627,-0.15698932661924028,10.675655091307773,-0.5029767903840212,10.511108785152377,-0.8565880835864118,10.171405740200564,-1.2114860066268351,9.654304490818264,-1.561014097567994,8.960813072790017,-1.8982217800184638,8.095342291687315,-2.2158877436977478,7.065846863511646,-2.506541663037801,5.883955284929654,-2.762484358349026,4.565089237886092,-2.97580650195013,3.1285732816007905,-3.1384059685152548,1.5977355345053161,-3.2420039249763994,0.0
27,1,-0.317198505993007,1.6764221308321678,-0.342034801183479,1.723768204533353,4.908240815426436,4.986554843968764,2.381561933945939,6.707134422920118,-0.0,-0.0,-0.2768790460785669,-0.07546128936343323,-0.4179340456296058,-0.2542513026365368,-0.4499854115248042,-0.47523856896157557,-0.3979652120368923,-0.6902360718771475,-0.2847771434770587,-0.8630210616205309,-0.13118140603858786,-0.9682910255604954,0.04429459196481409,-0.9905685303885097,0.225419494601477,-0.9230679309568681,0.39829567989124154,-0.7665368754796794,0.5513724047614703,-0.5280851585630892,0.6754359491833881,-0.22001282491877067,0.7635786876501565,0.14135144368080613,0.8111493050580646,0.5367916662382168,0.8156865624769198,0.9453167928912914,0.7768391134960202,1.345236225762208,0.6962738841357599,1.7151922848883925,0.5775754709738087,2.0351445184108456,0.42613889628654245,2.2873019566772888,0.2490578988050726,2.4570005408480204,0.05501074662785425,2.533523998958308,-0.14585465371816755,2.5108673831597845,-0.342034801183479,2.3884433133358347,-0.5207824714830472,2.1717316913415488,-0.6682153108868916,1.8728742574226418,-0.7694202584871357,1.5112158595921932,-0.8085531000205994,1.1137947038441063,-0.7689326370160083,0.7157841556448808,-0.6331291176714059,0.3608888798271851,-0.3830467196684399,0.10169824606423523,-0.0,0.0,0.32194538794155836,0.08111608103589928,0.6248534086418797,0.3187657245742866,0.9016378673395029,0.7016091086419158,1.1463741685252347,1.215056099038359,1.3542416675547437,1.8418326662129836,1.5214656587165851,2.562518359247134,1.6452596159629054,3.356054813460022,1.723768204533353,4.20022555144948,1.7560114915905833,5.072107573629064,1.741830702076087,5.94849542755962,1.6818357923724767,6.806298599727736,1.5773550489081634,7.622913193018239,1.4303868612938422,8.376568941987074,1.2435537695541476,9.04665268002498,1.0200588420476906,9.614009411257825,0.7636444042358218,10.061222158957136,0.47855310801494627,10.372871764464895,0.169491306306571,10.53577779902501,-0.1584053225573232,10.539221728030494,-0.49960397195561274,10.375153435335584,-0.8482048089556885,10.038382176471671,-1.1979690732486563,9.526752985615872,-1.5423452710618768,8.841309513521809,-1.8744935655807784,7.986444223642376,-2.1873084669071017,6.97003682245838,-2.473439924409876,5.803581748492842,-2.7253129228030324,4.502305493393657,-2.935145680686709,3.0852744784096147,-3.094966546861829,1.5754941610433475,-3.1966296856800454,0.0
28,1,-0.35556019303472225,1.6840630794375,-0.3061569943246256,1.7220770282950544,4.914402364868091,4.9837287671793025,2.6695857797534304,6.737704807593547,-0.0,-0.0,-0.28412770190906034,-0.07724714955377343,-0.43269360942090324,-0.2615429798399187,-0.4718594802758322,-0.4917172100745228,-0.42602707196790107,-0.7192466439044142,-0.31769920062929136,-0.9073395910164993,-0.16736183944764305,-1.029956014027597,0.006611501779805865,-1.0707742554506896,0.1880324616001166,-1.0221156730751249,0.3629474875419877,-0.8838386965508344,0.519664907839521,-0.6622137292457331,0.6487603171134982,-0.3687899822481811,0.7430615785717275,-0.01926477303347007,0.7976150705818308,0.3676349144727937,0.8096350538164314,0.7712496909248019,0.7784382075758401,1.1700559104741657,0.7053654842684692,1.5426978266532123,0.5936934655045923,1.8689779600063705,0.4485373795089377,2.1308009702940836,0.2767478661815013,2.313067389484074,0.08680346212376969,2.404514587911412,-0.11129936775959896,2.398503296859151,-0.3061569943246256,2.2937488826973462,-0.48506871024164566,2.0949973510569944,-0.6341448565740991,1.8136467485029546,-0.7384119025591614,1.4683152213305928,-0.7819135820906474,1.0853574868317368,-0.7478073736123677,0.6993318744287202,-0.6184557823394169,0.35342040715175327,-0.3755120424109895,0.09980462419914997,-0.0,0.0,0.31738713413886815,0.07989968790131345,0.6174580960751807,0.31449435505803847,0.8928802043205484,0.6932431752102978,1.1374845052719293,1.202232086760891,1.3462127532401558,1.8247424687584073,1.515063162091744,2.541792968639498,1.6410356279863567,3.3326540464169394,1.7220770282950544,4.175335125981658,1.7570271118860388,5.0470445240423105,1.7455654116413968,5.924622563488295,1.6881595320722331,6.784948473619391,1.5860150937000517,7.605321838029373,1.4410275516984123,8.363819475426755,1.2557360491692913,9.039628732850597,1.03327941522915,9.613358238093056,0.7773543745381286,10.0673272020718,0.4921759976630924,10.385834385647536,0.1824403902929012,10.555407851999224,-0.14671040665143484,10.565036617970136,-0.489721355047169,10.406385298356202,-0.8406552614639716,10.0739928082462,-1.193221601444485,9.565456152310055,-1.5408034140912135,8.881600288188723,-1.876482361337114,8.026635005452155,-2.1930620502270135,7.008299713319113,-2.483089718378364,5.837996980629216,-2.7388763828857243,4.530915621383433,-2.9525155516106985,3.106144069315142,-3.115900593347926,1.5867747360540745,-3.22074086003363,0.0
29,1,-0.32000745111458334,1.7035169005208333,-0.2959939015735973,1.7121786592423023,4.914453218038463,4.986844156684843,2.402651808739476,6.815536870679342,-0.0,-0.0,-0.28833125789734404,-0.07835984090371337,-0.4397762683503545,-0.26552606573662557,-0.4807834262376302,-0.49973985989852315,-0.43599293462154387,-0.7320207035217996,-0.3281001206162866,-0.9252271956749399,-0.17774123001612202,-1.053055104213981,-0.0034026324363565456,-1.0989841397855005,0.1786462446477222,-1.0551852636393995,0.3543965046304391,-0.9214003533864681,0.5121206544183619,-0.703805794816818,0.6423719588931226,-0.41387107491705644,0.737963832032541,-0.06722275962611181,0.7939310941156221,0.3174766096245258,0.8074751181237807,0.7196261329707198,0.7778950058529647,1.1177531591152328,0.7065069823379426,1.490542443604894,0.5965541844907933,1.8178225131905021,0.4531089557517988,2.0815049649407427,0.28296965267785423,2.266473459753206,0.09455383116649126,2.361420139469768,-0.10221048172071805,2.3596280910242253,-0.2959939015735973,2.25969929022057,-0.4741738429028894,2.066228175941376,-0.6229405625497495,1.790421630192849,-0.7274001200188631,1.450666670567725,-0.7716734627549229,1.0730476018975792,-0.7389910125783279,0.6918147273339508,-0.6117822853015051,0.3498069914831532,-0.37176021734636594,0.09883112615072344,-0.0,0.0,0.3146088155465584,0.07918532110846353,0.6123735834764222,0.3117947555371542,0.8859524638757548,0.6875214886931909,1.1291616479130775,1.1926794623346113,1.336922593244494,1.8107692548885073,1.5052082644877316,2.523017302315115,1.6309890152014364,3.3088881249489006,1.7121786592423023,4.146569521624682,1.7475811960584375,5.013430945269015,1.736838577115238,5.886455486816699,1.6803798296838515,6.742646069896146,1.579371789877316,7.5594066004781215,1.4356716391385744,8.314898926928022,1.2517813872631427,8.988376549954552,1.0308044002546197,9.560496082034199,0.7764040325517673,10.013607495107069,0.4927643900537223,10.332024216603907,0.18455322248317788,10.502274139897173,-0.14311307948253443,10.513332608572243,-0.4847024256754219,10.356838416761073,-0.8342979647937565,10.027293842214084,-1.185627089474754,9.52224969662324,-1.5320885864504754,8.842476340545762,-1.8667780161240892,7.9921215695028875,-2.1825114096756346,6.978856234632228,-2.471847373727308,5.814008416667228,-2.7271076929827935,4.512686926848209,-2.940396520385561,3.093894863332799,-3.1036182424683347,1.580633907332306,-3.2084941049102325,0.0
30,1,-0.3012205112847222,1.725286326451389,-0.33872120353888524,1.7593712859358537,4.910388662626522,4.985541535018448,2.2615973588956404,6.9026333503431845,-0.0,-0.0,-0.2840169557431153,-0.07731276387853174,-0.43049129561859767,-0.26110208123987827,-0.4661012673701913,-0.4893365034461506,-0.4157564104567298,-0.7128882215705692,-0.3024467934742739,-0.8946101864817836,-0.14711334812715376,-1.008343037171909,0.031458963230998054,-1.0378628445019387,0.21672401310509914,-0.975781396014862,0.3944328862741753,-0.8224111609427666,0.5526678447605873,-0.5846071847872314,0.6818525154709391,-0.2745979831909589,0.7747394392069057,0.09118294129992735,0.8263765529183743,0.49325401680368763,0.8340545298185956,0.910220888843705,0.7972371688632836,1.3198810437673405,0.7174772050410313,1.7002898806764275,0.5983200077603851,2.030781556785889,0.44519765243584347,2.2929391723118435,0.2653157987647394,2.471510093327251,0.06753569846498254,2.555263402321154,-0.13774650331376664,2.5377875896955326,-0.33872120353888524,2.4182276341021733,-0.5222857643400738,2.2019615500483685,-0.6741624085967004,1.9012172977092991,-0.7790123128932095,1.5356316474592615,-0.8205448597180827,1.1327531696967743,-0.7816212385344006,0.7284919821578328,-0.6443517986883867,0.36751923807441667,-0.3901867523161636,0.1036195874372855,-0.0,0.0,0.3283356099059893,0.08271290005170108,0.6375023342801118,0.32513376551529943,0.9201454244913478,0.7157879131358168,1.170118663426828,1.2398278260290267,1.3824256641373913,1.8796228150719125,1.553159910768046,2.6153189787232853,1.6794443575633122,3.425369041287817,1.7593712859358537,4.287032028373651,1.7919430096758993,5.176843060530124,1.7770139158247755,6.0710538151221005,1.7152342345132594,6.94604442634175,1.6079958457335948,7.778707768198586,1.457380354788461,8.546807199876772,1.266109600980269,9.229308951552488,1.0374987056955005,9.806690396086621,0.7754117159663061,10.261225492230185,0.48421985730799155,10.577248702138522,0.16876237451510695,10.741398683825206,-0.16569008951062317,10.742843041118782,-0.513469649606142,10.573485382798363,-0.8685429591896694,10.22815590162559,-1.2245407195261915,9.704786635378358,-1.5747850300443889,9.004572517827365,-1.9123146982078258,8.132119269686914,-2.229908630515397,7.095579119444888,-2.520107426953926,5.906775282915448,-2.7752333000774754,4.581316069412276,-2.9874084372236127,3.1386994224636817,-3.1485719205293656,1.6024086446542292,-3.250495314668598,0.0
31,1,-0.3152620701944444,1.8036754719305554,-0.3249867750010151,1.7605787002308022,4.9130330318701585,4.983719017192158,2.3670229569386247,7.216257542219978,-0.0,-0.0,-0.2892343212955644,-0.07866857642909393,-0.43974186237746526,-0.26612210157311494,-0.4783012621911297,-0.4997622724522391,-0.42991920266358735,-0.7299438156416809,-0.3176798348539548,-0.9190500027850665,-0.16261584828789552,-1.0404982146712718,0.01639730606609681,-1.07768677790742,0.20272312776770637,-1.022894903830671,0.38202139391990764,-0.8761478663694701,0.5422813447375483,-0.6440595730981687,0.6738314887174213,-0.33866443035126426,0.7693272457816231,0.023750094349573765,0.8237180333633853,0.4237995182514054,0.8341957097185513,0.840137186522825,0.8001265180558165,1.2505591192289374,0.7229688251773729,1.6330711813167682,0.6061790230376753,1.9669120633505808,0.4551079672482313,2.2335267490669275,0.2768902711983187,2.417486321347129,0.08032866744573243,2.5073510927339155,-0.12422450070939868,2.4964751167893846,-0.3249867750010151,2.3837511240518787,-0.5088643853406114,2.1742958176866796,-0.6615688958944289,1.8800762503988993,-0.7677304502524744,1.520478681302747,-0.8110065905618258,1.1228218784768988,-0.7741858365985776,0.7228172923031222,-0.6392854097007281,0.3649788813755666,-0.3876426698855255,0.1029856337526436,-0.0,0.0,0.32688779113843475,0.08232163500385138,0.635259673535098,0.3237947791436518,0.9176599277525013,0.7132459820576392,1.1678424841039237,1.2360786869117502,1.3807137700544656,1.8748638432100388,1.5522741625114833,2.6099015592327435,1.6795588372356365,3.4197532991583146,1.7605787002308022,4.281744499027928,1.7942619835169982,5.172437792289536,1.7803969915316655,6.068077302535682,1.719576395493958,6.945004681627523,1.6131433919915843,7.780047749461651,1.4631399690910998,8.550882731185661,1.2722574584597812,9.236371192778906,1.043789495149318,9.81687285062243,0.7815874575040015,10.274535478900354,0.49001841768086696,10.593563164122052,0.1739255979904591,10.760464162211033,-0.16140870087966527,10.764279603680711,-0.5102977572989805,10.596794269329324,-0.8666827479763266,10.252730625258918,-1.2241628195605951,9.729927264188342,-1.576023013495799,9.029502852030705,-1.9152601522454884,8.156006626316664,-2.234606799382169,7.117556437785083,-2.5265534080684335,5.925965269618351,-2.7833687725432825,4.5968571114409755,-2.9971188957332724,3.149773008208272,-3.159684383354986,1.6082680481940144,-3.262776471144407,0.0
32,1,-0.3614348272569445,1.8178309342430556,-0.341825594524658,1.8230290446543853,4.91855869144145,4.990144131984944,2.71369319191069,7.272891600433818,-0.0,-0.0,-0.30151467723832415,-0.08197449998832543,-0.45894319963813435,-0.27750848811857093,-0.4997434474054589,-0.5214889687485781,-0.4496987937290111,-0.7621214770495522,-0.33273071464064236,-0.9600451380513705,-0.17073330143202833,-1.0873593649031041,0.016567312616184503,-1.1265739327819908,0.21172640866812031,-1.0694954712191422,0.39966567339506187,-0.9160643063405309,0.5677292322974488,-0.6731560439803032,0.7057110516703039,-0.35336232380004895,0.8058547827839472,0.026235179044824482,0.8628277705092514,0.4452841316621869,0.8736714799477626,0.8813619266903506,0.8377309982328766,1.3111459302741437,0.7565665421033434,1.711543856268507,0.6338500496544289,2.060776035499664,0.47524996704520384,2.339402900746204,0.28830727223979463,2.531292550188445,0.08230562507259533,2.6245247380451375,-0.13186168575335444,2.612229033453977,-0.341825594524658,2.4933561589769027,-0.5338738019641301,2.2733826489160562,-0.6930802150188791,1.9649499435886097,-0.8034298015513184,1.5884398547088323,-0.8479376831916551,1.1724890009963111,-0.8087615767325871,0.7544453288422324,-0.6673069578540038,0.38077021073627665,-0.40432455662976685,0.10738986713221108,-0.0,0.0,0.3404460541470869,0.08575763550040992,0.6611027770887526,0.3371403631086956,0.9542456131353259,0.7422676390252393,1.2134323437426526,1.2857198569262176,1.4334388990605227,1.9491635502235996,1.6101937569583966,2.7119441039371788,1.740711886315432,3.551645515402803,1.8230290446543853,4.444617184393054,1.8561371032325669,5.366468083582024,1.8399209469819904,6.292528964921405,1.775097383061519,7.1982835022700575,1.6631563905591569,8.05976946167674,1.5063049549574499,8.853951134247952,1.3074136539260854,9.559064368594342,1.0699660951807286,10.154935606223031,0.7980112517377632,10.623276359344937,0.4961186939980986,10.947954581379781,0.16933668076111308,11.115244370488464,-0.1768469584534809,11.114055419784611,-0.5365412404464032,10.936143588044956,-0.9034858526772066,10.576303914863464,-1.2710825051491819,10.03254734695869,-1.6324239382199077,9.306262380027123,-1.9803207193584689,8.402362755053915,-2.307325963645978,7.3294222809301175,-2.605758112275629,6.09979778787671,-2.867721900932459,4.729741149573876,-3.085127646137243,3.239501246851967,-3.249708972777974,1.6534166829354788,-3.3530391004269133,0.0
33,1,-0.3573329055208333,1.8380143245000002,-0.36394263915947606,1.8453176437735543,4.918898744180286,4.988804063039511,2.682895503781089,7.353642569461162,-0.0,-0.0,-0.29707799496507487,-0.08085655371487475,-0.45035083611820836,-0.27311870146915085,-0.4874092024242637,-0.5118477136299793,-0.43415354055989985,-0.7454860325562783,-0.31460303660826516,-0.9349635163907681,-0.15072751573754883,-1.0527137603480554,0.037694767648620675,-1.0816127343441835,0.23319133725513083,-1.01385324660696,0.4206804682901282,-0.8497695791336879,0.5875265642614803,-0.5966270380696022,0.7235663939242517,-0.26739113579081153,0.82110738381539,0.12050929549004472,0.8748997960013264,0.5464115197863731,0.8820851346318223,0.9876283527944448,0.8421235108569333,1.4206264401539968,0.7567029531298287,1.8221635763443633,0.6296337846350536,2.1703768141626565,0.4667312122537018,2.44581468566136,0.2756891963776584,2.6324084125959364,0.06594851449590088,2.7183784830184363,-0.15143828875938484,2.6970743743504118,-0.36394263915947606,2.567746484513457,-0.5576942289274467,2.336250472387646,-0.7176120543559915,2.0156851957280386,-0.8275306926940131,1.6269662643419174,-0.8703206224718608,1.1993379003303475,-0.828001681359554,0.7708263217966761,-0.6818490228160996,0.388638251535828,-0.4124911729773816,0.1095084103544625,-0.0,0.0,0.3464920867108241,0.08731197174268845,0.6721798513156516,0.3430171737491537,0.9693707298015078,0.7547351670031407,1.2316633699322257,1.306564720142808,1.4538821218968725,1.9797131174244436,1.6320101582133026,2.753092325592791,1.763122195694092,3.603881583843184,1.8453176437735543,4.50805642998811,1.8776548644004136,5.440884552885463,1.8600871006259354,6.377389171285897,1.7934005149128678,7.292780888284365,1.6791546744695613,8.16285916462489,1.5196257295594806,8.96438469941094,1.317752451400741,9.675424109425306,1.0770852283589571,10.275668364131251,0.8017380618840021,10.746726468039252,0.4963435561709656,11.072395890592526,0.166010856902795,11.238911230710404,-0.18371353629763837,11.235172572815863,-0.546882182856873,11.05295494727236,-0.917180456566585,10.687100253912355,-1.2879577726550437,10.13569294556242,-1.6522564241900854,9.400220701550717,-2.002838169860373,8.485721251137933,-2.332208716627563,7.40091643531442,-2.6326402397409363,6.158334523819686,-2.8961920796656213,4.77442173365815,-3.11472975103718,3.2696438266653605,-3.2799423931973246,1.6685785974723322,-3.3833587855096696,0.0
34,1,-0.37359308836111116,1.8445832572222223,-0.344695920885429,1.8275696740172493,4.920869894356578,4.989509979247284,2.8049787789534526,7.379923965997721,-0.0,-0.0,-0.2984662007502701,-0.08114845744127197,-0.45421312199513025,-0.2746877580810646,-0.49437415434919285,-0.5161064387868911,-0.44443316617395895,-0.7540550682103112,-0.3280476042806862,-0.9494765493856908,-0.1668902904194058,-1.0746525142931895,0.01948717678014586,-1.1121759084442926,0.21376709570512228,-1.0538611742400745,0.4009527557676196,-0.8996044378458337,0.5684290002478399,-0.6562067571392183,0.705996020569708,-0.336173785185308,0.8058768365843083,0.04349485213678645,0.8626995589466436,0.46251355604150024,0.8734560965684107,0.8985039172723214,0.8374394459058657,1.328161780178054,0.7561620673049517,1.7283881125942318,0.6332581110418934,2.077374907322599,0.47437240245029944,2.3556387635372755,0.287039137382671,2.5469962657945637,0.08055318635187525,2.6394767444118625,-0.13416322862625918,2.626169419656865,-0.344695920885429,2.506003266513582,-0.537273876389587,2.2844591577512325,-0.6969021124238906,1.9742149296831037,-0.8074905318199846,1.5957249542195444,-0.8519773554579685,1.1777365865766767,-0.8124460184652297,0.7577464905050502,-0.6702347030571884,0.3824003275176479,-0.40603794636172713,0.10783964273641053,-0.0,0.0,0.3417899587400971,0.08610043819413232,0.6636084154312972,0.3384538640726152,0.9576992269103793,0.7450804031722751,1.2175975881254453,1.29044752585568,1.4380666671262283,1.956099984997255,1.6150321848479203,2.721257509706957,1.7455160079252676,3.563379500825877,1.8275696740172493,4.458696470677173,1.8602086262958977,5.382708393280464,1.8433477994936671,6.310650485599171,1.7777390760291363,7.217927230157964,1.6649110183561524,8.080515680039484,1.5071111833406121,8.875339264750872,1.3072512362285076,9.580613445792078,1.0688550053338717,10.176164659949306,0.7960095533825174,10.643724042148886,0.49331928674632836,10.967197443580119,0.16586307872271053,11.132913259760901,-0.1808456533809496,11.129849561857077,-0.5408960062640354,10.949841986977194,-0.9080138945385399,10.58777379297778,-1.2755937273166402,10.041749423692332,-1.636727595253584,9.313252864163251,-1.9842321125643223,8.407291994722039,-2.310673061756977,7.332530079564819,-2.608387989172526,6.101405451404687,-2.869506897455829,4.730240380143326,-3.0859711773048795,3.2393400413202356,-3.249550915682082,1.653082430165496,-3.3518607114902546,0.0
35,1,-0.3476100688958333,1.8014455048333333,-0.33475337072332867,1.8287654840701,4.912562833446757,4.987167027362568,2.6098953566852328,7.207335750503751,-0.0,-0.0,-0.3023153726435867,-0.0821537228481022,-0.4609440921458974,-0.2783757446093652,-0.5031419670823848,-0.5237019070355963,-0.4545048976912475,-0.7663887793559541,-0.33879065962830135,-0.9670383827340436,-0.1777606331874406,-1.0976386686128572,0.008955834925854526,-1.1405304206634919,0.2039723881846137,-1.0873124366820084,0.39223057155170216,-0.93769770131934,0.5610580369216607,-0.698333766698214,0.7002000733470758,-0.3816007143728012,0.8018251448963171,-0.004399891560329938,0.8605057085590152,0.41305387728226195,0.8731760927923974,0.8484246694274706,0.8390696308124838,1.2784214971023935,0.7596375540478328,1.6799282379007063,0.6384523583279024,2.0310890141213065,0.481098461452748,2.312341959666115,0.2950529831153189,2.507395729240294,0.08955940734220609,2.6041445055910715,-0.12450325343410995,2.5955186079794745,-0.33475337072332867,2.480269067380499,-0.5274395056091484,2.2636856866156654,-0.6875711909748753,1.958249129450312,-0.7990460547751593,1.5842184711087997,-0.8447719332186088,1.1701563892526137,-0.8067829007691573,0.7533947800820228,-0.6663484078136452,0.3804440540596035,-0.40407496084222194,0.10734970840221338,-0.0,0.0,0.3406649664737492,0.08579663782854287,0.6618656714102656,0.3374134331018046,0.9557757973637765,0.74310671602451,1.215858053180747,1.287544433014485,1.4368023396773937,1.952435310978613,1.614461834657757,2.717126539009911,1.7457880135029966,3.5591691870393265,1.8287654840701,4.4548510545476265,1.8623473826084695,5.37969704852392,1.8463919530969028,6.308937531775888,1.7816008173897502,7.217945364732711,1.6694593388162204,8.082642590948764,1.5121793878844703,8.879877893887393,1.3126447355877169,9.587776085652479,1.0743592272675624,10.1860609825143,0.8013978276006155,10.656353082545786,0.4983605744120923,10.982443492370104,0.17032943494838215,11.150545557504728,-0.17717197784012012,11.149525638266992,-0.538215900369797,10.971114444471834,-0.9065052187842016,10.610100300579782,-1.2754056855663851,10.06450566151396,-1.6379756756024517,9.335748140639915,-1.9869936130479833,8.428787247608057,-2.3149832050632346,7.352257966773616,-2.6142366203443377,6.118592238303115,-2.876835749909065,4.744129335142991,-3.094671685259099,3.2492160608119085,-3.259462545239794,1.6582976263141156,-3.3627697780022996,0.0
36,1,-0.3766330716597222,1.8558315328333335,-0.3610719511643337,1.8556077007149616,4.915130363829155,4.9886401450499,2.827803314274445,7.424926769982614,-0.0,-0.0,-0.3064699179116751,-0.08335196875776231,-0.46580390570416996,-0.2819553537905522,-0.5060228171510863,-0.529312662264009,-0.45347550421263383,-0.7725275461325849,-0.33263914453335797,-0.9714180625279146,-0.165941231986389,-1.0975353534113839,0.02639329198928544,-1.133099476753245,0.22646708843390662,-1.0698656642230573,0.4188058454907364,-0.907935403615992,0.5904231704023002,-0.6545274230442313,0.7308549279362905,-0.3227238845650808,0.8321638385959782,0.06979310609013223,0.8889158991927469,0.5020001651501057,0.8981308265783939,0.9507729091678558,0.8592092347845945,1.3920955168675466,0.7738396271736547,1.802228699027792,0.6458885172307991,2.15882680549585,0.48127709027765525,2.441996485254493,0.28784779552097717,2.6352910206386615,0.07522412972536081,2.726636123478864,-0.14533334052297114,2.7091845611841596,-0.3610719511643337,2.5820984365345128,-0.5578904665650922,2.351259248404686,-0.7204790701032615,2.0299069938515513,-0.8324540921249316,1.6392105261074505,-0.8764861043035481,1.2087721571097618,-0.834420348846279,0.7770700929158146,-0.6873887846118968,0.3918427265031051,-0.4159133139190293,0.11041909957101803,-0.0,0.0,0.349347563311984,0.08803464887915691,0.6776022171366582,0.34582430317792867,0.9769447167963439,0.7608107711677257,1.2408879305146536,1.3168621248880674,1.4642070811934478,1.9949214073598136,1.6428684269136788,2.7736200208310056,1.7739574808904721,3.6298552979040504,1.8556077007149616,4.53933226464887,1.8869304164653702,5.477070029163788,1.867946619853845,6.417873576415211,1.7995211032886134,7.336772027343236,1.6832993191386083,8.209424634396154,1.5216472255789277,9.01249594421783,1.317594295720825,9.72400166840328,1.0747797905229306,10.323626871996025,0.7974023322594314,10.793018123221,0.4901727629747841,11.116051252798298,0.15827023020964112,11.279076352461505,-0.19269859084439417,11.271141604813343,-0.5567372548662247,11.084197484610293,-0.9274944182024245,10.713282808631769,-1.2982959722853455,10.156694040583242,-1.662174593946612,9.41613918164622,-2.0118968718519206,8.49687749851239,-2.3399881690019972,7.407846260826974,-2.6387553793839413,6.161775580363423,-2.900307732983404,4.775292366105273,-3.1165757979655635,3.269014333601171,-3.2793288223131065,1.667634934146746,-3.3801905499154192,0.0
37,1,-0.36550779675,1.8942847326319443,-0.35133907939761455,1.8867966176432505,4.916061337209463,4.990892920916662,2.7442735033545214,7.57877273472937,-0.0,-0.0,-0.3156259640779031,-0.08574113496794447,-0.4817012816990966,-0.29070835412488283,-0.5262900466129433,-0.5472034394222579,-0.47587751604884404,-0.8011748309799008,-0.3551550710724157,-1.0113737004912657,-0.18682549664927064,-1.1484073921357978,0.008567174518020058,-1.1937014842739027,0.2127798585341162,-1.1383836407774044,0.4099822183167539,-0.9821038829743916,0.586836636401954,-0.7318068807581992,0.7325459499195174,-0.40047232022692936,0.8388695010968199,-0.005839367079416,0.9001089317506825,0.4308692550239672,0.9130659009220179,0.886208959575325,0.8769745081972312,1.3357474011422845,0.7934116493498686,1.7552591324761226,0.6661888140176034,2.12187064988795,0.501228964452973,2.4151474553177783,0.3064321243591287,2.6181165859643287,0.09153317697567541,2.7182198489248655,-0.13204485548007674,2.7081946946693227,-0.35133907939761455,2.5868812266682184,-0.5519939233210283,2.3599552442820713,-0.7184050153583248,2.0405884325748147,-0.8338578906300135,1.650037836725094,-0.8806600565600392,1.2181675896478374,-0.8402653061415737,0.7839065059313671,-0.693389502996423,0.3956456253609089,-0.4201173608103691,0.11158010115055304,-0.0,0.0,0.3536132688954802,0.08908193500335881,0.6864577069990684,0.35014385610259924,0.9904624481328046,0.7707254563562101,1.2589187468081706,1.3346743839260875,1.4864100153962456,2.0228099183280093,1.6687399499279894,2.81355113453614,1.8028599201154119,3.6835089009193456,1.8867966176432505,4.6080415989768015,1.9195807868033399,5.561774906833949,1.9011777053885834,6.519086360847381,1.8324199427355343,7.4545557077222036,1.7149427964378685,8.343382290993006,1.5511226994785683,9.161770888395344,1.3440187948235827,9.88728753824021,1.0973177940365986,10.499186970732646,0.815282169149891,10.97871330110024,0.502701671668143,11.309375651702556,0.16484812794127301,11.477200355650249,-0.19256657503488422,11.470961359917974,-0.5634294262623194,11.282390395912858,-0.9412622825395777,10.906368423791818,-1.3192550619421723,10.341099786782207,-1.6902962942820654,9.588270436112738,-2.0470011884467496,8.653191508205825,-2.381737377732751,7.544929455401966,-2.686648502795851,6.276423851203134,-2.953675788231524,4.864593912035824,-3.174577763579562,3.3304347007751374,-3.3409482731446127,1.6991039034334032,-3.444232911797388,0.0
38,1,-0.3598941982222222,1.8976205868680556,-0.37090034183348897,1.916381894770345,4.919122972397464,4.99139415996987,2.702125976447489,7.592119028819248,-0.0,-0.0,-0.31566411810224676,-0.08578453094834121,-0.48097915108228945,-0.2906131412548349,-0.5240706580091617,-0.5464015950733002,-0.4715354817883459,-0.7987557502737417,-0.34822084870156333,-1.0061513670501765,-0.1770206919043556,-1.1390075561075863,0.021305901208365962,-1.1786637286030794,0.228289922939091,-1.1162721918041858,0.42787804361099735,-0.9516204186021966,0.6065262585935558,-0.6918984311682105,0.7532603365797068,-0.35042763139491806,0.8597028984013382,0.05463223554100145,0.9200679848392692,0.5015814731746461,0.9311249039496755,0.9664683371892101,0.892133943613243,1.424351706613402,0.8047571653769314,1.8505252368272642,0.6729479459442099,2.221691436684616,0.502823199972523,2.5170760195963173,0.30252231027953247,2.7194748753478373,0.08205672624855007,2.8162280122682506,-0.1468460082155777,2.800116754938092,-0.37090034183348897,2.67018229063551,-0.5754198463734272,2.4324652921395638,-0.7444707511321599,2.1006677737489303,-0.8610196978421047,1.6967395435420478,-0.9070739882801717,1.2513925923388989,-0.8638130345949153,0.8045475131674877,-0.7117101278549234,0.405716587078452,-0.43064400376166406,0.11432852063752218,-0.0,0.0,0.36165570748504156,0.09114060740610033,0.7013427951394376,0.3579860886863936,1.0109246445824798,0.7874580733688963,1.283666298233847,1.3627633246412991,1.5141602210569132,2.0640761326355306,1.6982498719187236,2.869182979865903,1.8329524409834412,3.7540887318967155,1.916381894770345,4.693584230371959,1.9476732688031293,5.6617756853032715,1.9269089624871367,6.632576686418861,1.85504762394554,7.580163988176339,1.7338560648895902,8.4793984791863,1.5658445171929938,9.306212933936777,1.3542054330417472,10.037968272338954,1.102755938236619,10.653780129774743,0.8158839720351113,11.134817575428672,0.49849808526197714,11.464575817394007,0.1559808196508446,11.629124706213052,-0.20585444613081214,11.617334800179918,-0.5808033261491098,11.421082691131003,-0.9623070945599955,11.035437213042862,-1.3434863654165983,10.458828071308234,-1.7171719668190173,9.69319834118608,-2.0759331938689303,8.744142192164091,-2.4121036238464995,7.621029102869064,-2.71780467317786,6.33711574031276,-2.9849670697979405,4.909646588892202,-3.2053504070151178,3.359944329582498,-3.3705609364311826,1.7134908888099705,-3.4720677482552222,0.0
39,1,-0.3495693117986111,1.924501913298611,-0.3707363174662044,1.9085737246969086,4.911245027036671,4.991045137219822,2.6246055719871686,7.699667519453066,-0.0,-0.0,-0.31202639133978866,-0.0848264133320618,-0.4748592019632257,-0.2871682367143418,-0.5165711676181814,-0.5395075364234283,-0.46366562243282766,-0.7879797526740668,-0.3408602165759315,-0.9915342112144503,-0.17089021358025178,-1.1209911946336688,0.02566432886181983,-1.158006469461818,0.23052398918288497,-1.0939561231469603,0.42782542952430264,-0.9287560935263931,0.6042052429858045,-0.6696318279046999,0.7488515736236078,-0.3298540695748954,0.8535238400404002,0.07254315866446058,0.9125417760998391,0.5160466944478281,0.922745775530589,0.9769356249220454,0.8834311658017883,1.4305262096919162,0.7962595253523633,1.852378063658765,0.6651504914176162,2.2194509725872478,0.4961576865054411,2.511203489237113,0.29733243064808085,2.7106262872930778,0.0785788202363201,2.8052050671350566,-0.14849643723294648,2.7878095539511607,-0.3707363174662044,2.6575067577599154,-0.5735851220338378,2.420298140875177,-0.7412370611085267,2.089781636745654,-0.8567797585745391,1.687740570968372,-0.9023310531811901,1.2446624459965612,-0.8591678473538155,0.8001912689259654,-0.707846108723427,0.4035176363661549,-0.42831145045712643,0.11371115614021686,-0.0,0.0,0.359750401450242,0.0906574520087385,0.6977309189773199,0.356114032850169,1.0058605946721764,0.7834055529795587,1.2774400211769175,1.3558756389020583,1.5070800043194812,2.0538487960858705,1.690627988883663,2.8552671874971383,1.8250935073623988,3.7362903322255328,1.9085737246969086,4.671857511551111,1.9401799749282378,5.636213161559025,1.9199660212858563,6.603395937697403,1.8488586213659066,7.547692464336115,1.7285908446943088,8.444057038963939,1.561638471411524,9.268498754013338,1.3511596977973892,9.998437637279284,1.1009382862136197,10.613031502120922,0.8153302228316355,11.093475248312993,0.49921388510453196,11.423274370237564,0.15794367110221585,11.58849441716998,-0.20269299671158286,11.577988116185313,-0.5765154111810413,11.383601816524504,-0.9569862042286862,11.000362849330246,-1.337245011262901,10.426649322116731,-1.7101393431289142,9.664343786254259,-2.0682528381609178,8.718972130707222,-2.4039310687101456,7.5998289683870555,-2.709305075259845,6.320090694496861,-2.9763127975493315,4.896917310522142,-3.1967185665817004,3.351544024131307,-3.3621308144649804,1.709363554995065,-3.4640181511404045,0.0
40,1,-0.35505566158333335,1.9681505751180555,-0.3712720174057737,1.9070191130700946,4.913181040707575,4.989937878542811,2.665797701069564,7.874299813324224,-0.0,-0.0,-0.31319812512952655,-0.08514094014172363,-0.47671610572873796,-0.2882588209067035,-0.5186958955712008,-0.5416093688757075,-0.4657172677510553,-0.7911382248056459,-0.3425782732664601,-0.9956442690662567,-0.17209497913945634,-1.1258377908806632,0.02507493632152182,-1.1633043158287644,0.23058096321458152,-1.0993869990845593,0.42849809080480505,-0.9340021443260926,0.6054128904701479,-0.6744035661654418,0.7504766022885203,-0.33391215070839,0.8554254986319815,0.0693729145946401,0.9145697435081463,0.5138651477582895,0.9247527957034067,0.9757687439087788,0.8852840880172084,1.4303294415300416,0.7978482363570265,1.8530457165865413,0.6663943846880501,2.220829459789101,0.4970094784435061,2.513107148625348,0.29777929213212867,2.712854436410898,0.07864093510784798,2.8075589732120116,-0.14876965435612136,2.790108086173872,-0.3712720174057737,2.6595996297399167,-0.5742944386640718,2.422075832298153,-0.7420237195758461,2.0911812901682416,-0.8575494308762523,1.6887473792472065,-0.9030010277803412,1.2453062658289176,-0.8596766077707186,0.8005384062515798,-0.7081624583058069,0.4036579418363736,-0.4284428724923786,0.11374073758712328,-0.0,0.0,0.3597649843732081,0.09066511196613122,0.6976683070924702,0.35611328783840823,1.0056414347287688,0.7833373531502672,1.2770014267803242,1.355645238989977,1.506378077109058,2.0533346790771327,1.6896389912271867,2.854330904162094,1.8238138749151758,3.734786628926912,1.9070191130700946,4.669644214753982,1.9383835326883396,5.633160384378519,1.9179760733031819,6.599394268103178,1.8467359337385025,7.542659883603752,1.726405626509162,8.437944400691082,1.559467250680566,9.261293727227018,1.3490821900337515,9.990167081132894,1.0990343551097197,10.603762294151833,0.8136770140007934,11.083313633305757,0.49788319632620026,11.412363932789026,0.15699960630165782,11.57701280866099,-0.20319605719966036,11.566142686741323,-0.5765345045504864,11.371624315493818,-0.9564911351759239,10.988503364658296,-1.336219359514057,10.415169630588496,-1.7085811381191054,9.653510283733299,-2.066174917043482,8.709048504994785,-2.401361139067874,7.591068767882833,-2.7062855078309407,6.312729934121954,-2.972900177104693,4.891167242958943,-3.1929830309333873,3.34758418986783,-3.3581552125811363,1.7073352093898202,-3.4598970516149428,0.0
41,1,-0.3853655117847222,1.9440109249999997,-0.34534001461054387,1.8886016778921315,4.913323899639034,4.990933045460948,2.893367453446717,7.777720392612515,-0.0,-0.0,-0.31164599212474436,-0.08464520735621991,-0.4759384978684195,-0.2870946705293483,-0.5204837923200348,-0.5406346060398992,-0.47131137938374884,-0.7919687109512377,-0.3526770735410371,-1.0003798637836674,-0.18688440122310288,-1.1367977903733564,0.005872222640190654,-1.182782742700016,0.20763972119852736,-1.1294368120292635,0.40281187847807215,-0.9762557325848166,0.5782068149516808,-0.7299348958848116,0.7231158509824344,-0.4031437728930735,0.8293239539775952,-0.013283032002439826,0.8911026777521933,0.4187616377996756,0.9051771411892064,0.8698556066889374,0.870669137305724,1.3158288086256487,0.7890188990762551,1.7326553518882966,0.663888367152581,2.0975892643665177,0.5010490056188956,2.3902478801374873,0.30825729951999253,2.593635923385039,0.09512105128863597,2.695104912534346,-0.12704051475491612,2.687244042550308,-0.34534001461054387,2.568700164771814,-0.5454659516136776,2.3449258375548565,-0.711825252213472,2.028855641911298,-0.8276823067283897,1.6415120270683985,-0.875292855251879,1.2125428619823444,-0.836031381748362,0.7806936177523492,-0.6905109905757305,0.3942176958865389,-0.4186950309272039,0.11122885646589221,-0.0,0.0,0.35286769548273245,0.08887642598904548,0.6853936005106914,0.3494695289748596,0.9894362219022383,0.7695152819002588,1.2582090865589841,1.333020288169631,1.486215970116678,2.0209232448358243,1.6691832743986974,2.8117232538173864,1.8039907591824236,3.68207386345662,1.8886016778921315,4.60734228641492,1.9219932151139962,5.562133726531486,1.9040879794738037,6.520781159769635,1.8356871707182911,7.457801257030841,1.7184059163144099,8.348317414667555,1.554611161391531,9.168451077798375,1.3473623967306951,9.895682708145316,1.1003554226607053,10.5091838682488,0.8178692717399247,10.990121973618415,0.5047163493376622,11.321939309424172,0.16619579787379948,11.490607924135492,-0.19194995337384488,11.484862004056202,-0.5635755262789011,11.296409304497976,-0.9421699207750436,10.920123169421828,-1.3208909527862596,10.354216615317274,-1.6925969405786236,9.600399889986306,-2.0498757872860023,8.664022845422329,-2.3850716135614047,7.554203388390637,-2.6903090970512893,6.2839431945241655,-2.957515675308991,4.870231793314363,-3.1784417664099593,3.3341400535731953,-3.3446791573912713,1.700904022780831,-3.447677705130732,0.0
42,1,-0.3641708671319444,1.900765518375,-0.3453918927394217,1.8862948938089492,4.9124993925557945,4.9904392553714,2.734235685941862,7.604701467323255,-0.0,-0.0,-0.31597800325932496,-0.08581334589070345,-0.48272960067151477,-0.291114471186128,-0.528205866100694,-0.5483391756555613,-0.47877849525141797,-0.803513013099593,-0.3590308150878306,-1.015408621698313,-0.19156856660144841,-1.154603324104215,0.003145611861849948,-1.2024478958399585,0.20693085502552644,-1.149959173509458,0.4039976220473312,-0.9966505318294008,0.5810267749923032,-0.7493151661181657,0.7272177506529036,-0.4207775629179565,0.8343062713348668,-0.028628535961950807,0.8965528427644844,0.4060412226076494,0.9107039842141419,0.8598949290680342,0.8759287069458642,1.308577807143147,0.7937331904912645,1.727907845649796,0.6678568988012962,2.0950191149079247,0.5041535340215448,2.389449207535092,0.3104602548473712,2.594164080413063,0.09645850402756513,2.696515271786192,-0.1264703863279946,2.689126099251341,-0.3453918927394217,2.5707049689455075,-0.545964686377133,2.346785311614607,-0.7125844301787357,2.030392885363692,-0.8285230656810436,1.6426422348483132,-0.8760620257092284,1.2132649677745737,-0.836618155909615,0.7810732041206015,-0.690861454339002,0.39436207941169676,-0.41882403664800566,0.11125555291298987,-0.0,0.0,0.3528383440564419,0.08887479235395815,0.685205785348297,0.34941859796545904,0.9889826127784872,0.7693079056155852,1.2574112401773767,1.3325026538082383,1.4850280575176364,2.019910379395145,1.667592975723371,2.8100156616725487,1.8020178623431038,3.679474015335473,1.8862948938089492,4.603669941155225,1.919425686591823,5.557239314850087,1.9013519170302435,6.514556687143204,1.8328879997763114,7.45018838737597,1.7156562687050065,8.339312575907357,1.5520249921738625,9.158107583872845,1.3450494565980442,9.884110019762186,1.0984162679378777,10.496544217615005,0.816390949122326,10.976624658024107,0.5037688517061782,11.307833016744247,0.16582935112162953,11.476171492192245,-0.1917067443758137,11.470394037609873,-0.5627166716704253,11.282217080701212,-0.9407122014979046,10.906511257156774,-1.318873278550881,10.341475618108072,-1.6900789649648211,9.588795698189772,-2.0469358459321456,8.653786753029415,-2.3818040591717735,7.545523394723885,-2.686821109889261,6.276956772906923,-2.953923630323613,4.865020368738834,-3.174867238533445,3.3307253906438308,-3.3412446451928473,1.6992466847128194,-3.444502150242131,0.0
43,1,-0.35311747524305553,1.8800700282430556,-0.3669466492729532,1.9133373763139951,4.919843140096015,4.991368467204025,2.651245580798854,7.521901657114197,-0.0,-0.0,-0.310851447656425,-0.08447802492282987,-0.47361943478172147,-0.28617806238893484,-0.5160034216686193,-0.5380419026831846,-0.4641845954223785,-0.7864906412096481,-0.3426135223538413,-0.990611836574163,-0.1738150271358756,-1.121244605799509,0.021785302251250527,-1.159972395678589,0.2260092835759667,-1.0980352003631755,0.42304611205045667,-0.9351746426961369,0.5995421772620887,-0.6784265465459715,0.7446597192532138,-0.3408763688320698,0.8501042592015944,0.0596068737619661,0.9101216285807502,0.5016427412626209,0.9214662190357362,0.9616027438922846,0.8833427547661244,1.414851112825834,0.7973244304850502,1.8369504207341065,0.6672506510002965,2.2048210306756397,0.499107852061858,2.4978450369584557,0.30089698310985097,2.6989071323741354,0.0824912040593745,2.795366624452844,-0.14451279195949404,2.779956568642015,-0.3669466492729532,2.651607637791107,-0.5702225335687989,2.4161958649513973,-0.7384830967946516,2.087214751144967,-0.8547470658955356,1.6863734028402237,-0.9010486823665869,1.244123346450295,-0.8585695974224274,0.8001174586834537,-0.7077621867927862,0.40360505838041916,-0.42846358048947036,0.11376763931977378,-0.0,0.0,0.36014262624950283,0.09074632004420514,0.6986997065094308,0.35653696921837047,1.0075197249127137,0.7844821460488876,1.279837291079303,1.3579656348867297,1.5102037811115374,2.0573206756789544,1.6944151746037612,2.860470394383811,1.8294384073691092,3.7435317296884505,1.9133373763139951,4.681382405515916,1.9451995566681146,5.648191022592849,1.9250640260676428,6.6179107805305675,1.8538515371611493,7.564737700340837,1.7332971419031324,8.463534502899904,1.5658857471981982,9.29022151895094,1.354790873131941,10.022136168336473,1.1038167912804886,10.638362657736026,0.8173441407964054,11.120033614418821,0.5002790531576995,11.450605405149146,0.15800576152605517,11.616108890619746,-0.20365737359776198,11.605377342277373,-0.5784985255167325,11.410253205183036,-0.9599498788679977,11.02577533205687,-1.3411220724676016,10.45034824375292,-1.714835769636853,9.685894893403015,-2.0736505262947156,8.73799432816101,-2.40989113097506,7.616005556208582,-2.7156715913447633,6.3331788393709205,-2.982916939450819,4.906755544887828,-3.203383023413798,3.3580576048203006,-3.368674447130308,1.7125675491943702,-3.4702608121887675,0.0
44,1,-0.35507301486805554,1.9221036202083335,-0.3633274778687008,1.8884613491680864,4.919674266111014,4.990692785155734,2.6659279914761784,7.690072278584904,-0.0,-0.0,-0.3090530332139806,-0.08401214987617303,-0.47049573405749284,-0.2844589335986439,-0.5121448347124754,-0.5345511200435191,-0.46022827716963244,-0.7810194618103522,-0.3391816660487462,-0.9832687208513183,-0.17146344028350796,-1.1124344283144336,0.022607409025620567,-1.1503527204904598,0.22498792408107787,-1.088455342162047,0.4200196971408163,-0.9266032927806652,0.594507789450769,-0.6718735680514583,0.7377693910220818,-0.33731399731724493,0.8416524130782521,0.05931870689320683,0.9005250068225125,0.4968228700031333,0.9112377208408677,0.951803610600103,0.8730606197283961,1.3998993067801262,0.7875981708402328,1.8169709385608883,0.6586850549430208,2.1802439677056107,0.4922662683667401,2.4693940527891765,0.2962649645306965,2.6675696064897325,0.08044144287601276,2.762345920766953,-0.14375345078993418,2.7466072575619207,-0.3633274778687008,2.619354880459045,-0.5638959741404751,2.3864404487789024,-0.7298282291922488,2.061225482432761,-0.8443892411287548,1.6651687161262239,-0.8898751820051658,1.2283440868904083,-0.8477412751144062,0.7898928392252373,-0.6987211323152158,0.39841379382356085,-0.4229369190101848,0.11229622059534601,-0.0,0.0,0.3554378403197666,0.08956281563218894,0.6895374778700339,0.3518735227820727,0.9942780166376165,0.7741995251588014,1.2630034444200529,1.3401418221511312,1.4903532442312477,2.0303002325226354,1.6721905957433123,2.8229032652842245,1.805529420895301,3.694401753836375,1.8884613491680864,4.620025951658529,1.9200835067584265,5.574306282371628,1.900427873300542,6.53155834847058,1.8303928021305285,7.4663331373610795,1.7116771667115087,8.353833627376451,1.5467174773344219,9.170299197509163,1.3386282085883594,9.893359390130293,1.091145488911543,10.5023586733339,0.8085742280170624,10.978653905769264,0.49573869514127844,11.30588622850488,0.15793650975574544,11.47022910165845,-0.19910403458190154,11.460614173701288,-0.5692634243960247,11.268936623368788,-0.9460672935199241,10.890241552252192,-1.3227198554745936,10.322892934101219,-1.6921345643613437,9.568726547783308,-2.0469621740706505,8.633188237371236,-2.3796163680812548,7.525458757163448,-2.682297131389552,6.2585663733685655,-2.94701203283907,4.849488309140448,-3.1655955808922664,3.319242036751527,-3.3297268091973993,1.6929673407915387,-3.4309452405711327,0.0
45,1,-0.3685951586527778,1.8413191172638887,-0.3434453062047781,1.8812931223636309,4.926445288291276,4.992517234989306,2.767453762545694,7.366864590871898,-0.0,-0.0,-0.3104428243862584,-0.08429965219158238,-0.47443876157570863,-0.2860423093936714,-0.5192922615937459,-0.5388898136274823,-0.47078415767475423,-0.789783880878458,-0.3529733642818374,-0.9981341124627948,-0.18801513437011116,-1.134910827310304,0.0040003485598515435,-1.1816519605845226,0.20518585508179685,-1.1293950200225886,0.39996897355882766,-0.9775465165999522,0.5751762182346768,-0.7327023464807731,0.7200884467886044,-0.4074332694163323,0.8264674535460503,-0.019049895256969276,0.888554372787275,0.4116385369568301,0.9030412313336257,0.8615577994865794,0.8690176052999192,1.3065817758116252,0.7878948433874271,1.7227131689433095,0.663310706129394,2.0872213002380193,0.5010175319366188,2.379727976124697,0.30875717814693493,2.583233994982234,0.09612600594533155,2.6850805003107614,-0.12556690587496241,2.677841003853207,-0.3434453062047781,2.5601414549417134,-0.5432123079856189,2.337407179949434,-0.7092954445211801,2.022536827315988,-0.8249881059411474,1.6365046074156762,-0.8725855648443509,1.2088930996263716,-0.8335141513700733,0.7783597064541146,-0.6884524788602281,0.39304046855503455,-0.41744394176403854,0.11089542276568594,-0.0,0.0,0.351781791018137,0.08860471705013173,0.6832336020201056,0.3483855697302124,0.986228948560009,0.767088023894676,1.2540000113665417,1.3287366183064448,1.4810720972344034,2.0142980682661933,1.6631950584800255,2.802310782073502,1.7972729609378326,3.669479599114789,1.8812931223636309,4.591235161277496,1.9142554786398311,5.542257848964819,1.8961030782097734,6.49696665206173,1.827654358518496,7.429973709278563,1.7105377237929404,8.316505542038987,1.5471288223577928,9.132792237893012,1.3404908143097327,9.856426010114856,1.0943178267045912,10.46669068157547,0.812881712998534,10.944863718914739,0.5009821655902086,11.274492483931887,0.16390017400650536,11.441646378998302,-0.19264522448673244,11.435146547711492,-0.5625369913890181,11.24677475594907,-0.9392970481173072,10.871463026389327,-1.3161202900861761,10.307465535331989,-1.6859058065284211,9.556514207640717,-2.0412854681431942,8.62395936670445,-2.3746500495522556,7.518896713881777,-2.6781730548462512,6.254281827943072,-2.943832412911949,4.847033291174121,-3.1634302053624523,3.318125466344361,-3.328610584276101,1.6926718686722604,-3.4308760300414627,0.0
46,2,-0.4850443115070423,1.9766021841056338,-0.5450437407171371,2.105463635560223,4.95885125355695,5.002817619869421,3.641767053554961,7.908113538714206,-0.0,-0.0,-0.23242395309195668,-0.06390395656143846,-0.3384390588573033,-0.2113626179486388,-0.34272494199816284,-0.3853958362393033,-0.26857714945861344,-0.5410238407883641,-0.1377510657588254,-0.6445360020152134,0.029688606030603894,-0.672682831860235,0.2155100303335817,-0.6117946902422056,0.40344524287240385,-0.456832074915345,0.5793071427575378,-0.21037379633578668,0.731089776488254,0.11844927451442733,0.8490494686155153,0.5150659070757365,0.925764719970512,0.9606115469505153,0.9561732646179449,1.4330996464592523,0.937585232696698,1.90860558151787,0.8696719834169437,2.3624510722339775,0.7544308214707818,2.7703769683229247,0.5961264593079191,3.1096925300335974,0.4012107053300356,3.3603899228586265,0.1782224144577638,3.506213526548338,-0.06232979262301027,3.535674798699188,-0.30809917135644804,3.443004782040058,-0.5450437407171371,3.229037846088528,-0.7575771784158699,2.902021847330529,-0.9287244852404968,2.4783515160763816,-1.0402792911325238,1.9832234740799377,-1.0729598848893656,1.4512128021150623,-1.0065613385582308,0.9267724663788935,-0.820101446205052,0.46465814193923094,-0.49195858360710376,0.130282016041284,-0.0,0.0,0.4079658662555089,0.10300130801021565,0.7872316821436518,0.40317450830984786,1.1297755992145515,0.884104908954037,1.4289723700002328,1.525718118929072,1.6795394699549884,2.3049652091310446,1.877476187327353,3.196479102742594,2.0199973991377944,4.173199112651929,2.105463635560223,5.206961375005854,2.133308892237535,6.2690536943612285,2.1039674899028293,7.330734006164329,2.018801111573142,8.363712269910222,1.8800269767184457,9.340596128692738,1.690647945032478,10.235301108588597,1.4543851842617497,11.02342648765422,1.1756138902552795,11.682598244420742,0.8593024151318013,12.192780706171588,0.5109550424130034,12.536558665325657,0.13655854653586996,12.699391825664526,-0.2574674118984769,12.669843486705831,-0.6643160751629373,12.439785381766168,-1.0768356394977547,12.004580560266055,-1.4875676913872191,11.363246154116917,-1.888782186490425,10.518597797450838,-2.2725091534241053,9.477377383664757,-2.630567321087296,8.250365748213982,-2.9545898777854918,6.852481763590524,-3.236047574271811,5.302869227614016,-3.4662693820758714,3.6249728201203295,-3.6364609141163835,1.846604298408978,-3.737720807444773,0.0
47,2,-0.6169575535972222,2.1175313715694446,-0.5803299689281227,2.1335001612792945,4.968818192230386,5.004310314591473,4.632186459730519,8.47195183877499,-0.0,-0.0,-0.231148138607674,-0.06369309334856967,-0.3336957075655289,-0.2097217705564211,-0.33309477772608087,-0.3802054324523069,-0.2533494948068751,-0.5296348251458277,-0.11684465301356668,-0.6241049073052769,0.05581669285883306,-0.6404641378664397,0.2459635753042653,-0.5653854561255308,0.4369925189892704,-0.39436570589972125,0.6144852879227847,-0.13066166371187593,0.7663065418322178,0.21582787819077565,0.8826793422416453,0.6297233963026819,0.9562369070444998,1.0913577916499073,0.9820495423047352,1.5779892499861272,0.9576262631466098,2.065021247856479,0.88289122907734,2.5272170545475587,0.7601357372037294,2.939896297508062,0.5939471127030828,3.2801016810121646,0.39111638351432,3.5277247569468946,0.16052710206217027,3.666580712478054,-0.08697193834335737,3.685423421088815,-0.3387070648213496,3.578893451876528,-0.5803299689281227,3.348393292417144,-0.7959745848363938,3.002885656084546,-0.9684174088586406,2.5596123594273945,-1.0792382223519321,2.0447328167657624,-1.1089784197876373,1.49388266140928,-1.0372944511288416,0.9526543275977508,-0.8431042437304065,0.4770025853026327,-0.5047248545355463,0.13357899186572997,-0.0,0.0,0.41714517936794726,0.10537407757968789,0.8037517194048691,0.41204721465963284,1.1518805412550703,0.9027049401470842,1.4550142783874886,1.5564210044113949,1.707997535098515,2.349353602906532,1.9069707607209003,3.255410059872048,2.049299438740757,4.246877209541297,2.1335001612792945,5.295015530826386,2.1591650082074523,6.37061583962883,2.1268854851679624,7.4445180117183964,2.038177103615464,8.488091793581772,1.8954055151212093,9.473680257351015,1.7017149468650432,10.37500687039016,1.460959529479719,11.167547484173262,1.1776379651087545,11.828868806278741,0.856831854554529,12.338935110385911,0.5041478887133423,12.680385069529963,0.1256640113752246,12.83878067529501,-0.27212042241255435,12.802830237821272,-0.6823305366145327,12.564587455920948,-1.097757972279785,12.119628510220256,-1.510899215404142,11.467209071478166,-1.913990388586154,10.610403036813391,-2.2990387030977057,9.556224713552368,-2.6578507825726465,8.315736068147752,-2.982058077364809,6.904140549798547,-3.263139590943592,5.3408648880912875,-3.4924421375705306,3.6496301536647877,-3.6611983449015537,1.858513262552782,-3.7605426069303265,0.0
48,2,-0.5902701636597222,2.152376491173611,-0.5821183460227692,2.118828565473581,4.962771711923327,5.0024172449081945,4.431814545012474,8.611362370806,-0.0,-0.0,-0.23565420802936957,-0.06493384150764256,-0.34028161461350087,-0.21382368209475763,-0.3399381517371322,-0.3877286431311587,-0.2591809159842469,-0.5403688854039485,-0.1208858660621894,-0.637330223487257,0.05392330846947646,-0.6551802358178118,0.24623170918677287,-0.5805023214669737,0.4391719044172424,-0.40885582841836987,0.6181418430210147,-0.14367192128321518,0.7708995283443403,0.20490379062505604,0.8876325152157394,0.6212097362050341,0.9610009173933756,1.085295032399494,0.9861532952181908,1.5741608693617217,0.9607155030910788,2.0630030612385046,0.8847532812358557,2.526442409766812,0.7607100436347368,2.9397300891779645,0.5933219141285577,3.2799161402473054,0.38951257014389984,3.5269703185012533,0.15827084923486467,3.664845925217289,-0.08948565426993406,3.6824788007700304,-0.3410576310268755,3.574715314890945,-0.5821183460227692,3.3431648840359274,-0.796871880687127,2.996974221997231,-0.9682122295147216,2.5535221319921604,-1.0778804315645436,2.039035130933098,-1.1066172572610062,1.489125523502599,-1.0343093512237171,0.9492546896101011,-0.8401271319916077,0.4751252988318728,-0.5026531509803299,0.13300691433785616,-0.0,0.0,0.41503619346089193,0.10485674455439593,0.7993649807998825,0.40991009791478306,1.145184524184753,0.8977956526241281,1.4461079716398928,1.5476044399099624,1.697097810982374,2.3355742495105103,1.8943953579765416,3.235746839533224,2.035446989940659,4.220589013072262,2.118828565473581,5.261576301834023,2.1441692914163295,6.329738672674979,2.112076117021266,7.396168258158955,2.0240595585427132,8.432489607749087,1.8824616896726256,9.411293365457443,1.6903868777224103,10.306534608042014,1.4516357043573072,11.093897331885282,1.1706423842106564,11.751126764057453,0.8524158852337322,12.25833130169736,0.502484860938041,12.59825596170102,0.1268464260580809,12.75652925752136,-0.2680812574293915,12.721885418937829,-0.6755026687922863,12.48636384066796,-1.0882850167623506,12.045487592723298,-1.498994883035054,11.398422754828973,-1.8999315982530172,10.54812025370509,-2.2831575419709886,9.50144178955248,-2.6405255662528204,8.269271340066156,-2.9637037456669146,6.866613629507236,-3.2441976555143777,5.3126808490643525,-3.4733703760109016,3.630968814730487,-3.6424604135998866,1.8493236516096627,-3.742597722239525,0.0
49,2,-0.5673504128194444,2.1938434358541667,-0.6011136487342925,2.1519060427844794,4.959986532719331,5.004500768693125,4.259730486905547,8.777265914409437,-0.0,-0.0,-0.24056586289291992,-0.06630253830349223,-0.34699023238000243,-0.21821587030620437,-0.3458919819694236,-0.3953804754906347,-0.2624255310589509,-0.5503891317643798,-0.12007055238096552,-0.6480016627663352,0.05956512103348183,-0.6642576453147893,0.2569249127434519,-0.585494810723173,0.45466120435176843,-0.40728300942273876,0.6377678713368358,-0.1332854865655828,0.7936849190983317,0.22593923295881888,0.9123732961523313,0.6541803841307305,0.9863588306418388,1.1308477142373545,1.010745123960067,1.6322584314113873,0.9831961013532352,2.1329229676679886,0.9038897262370728,2.6068147296850324,0.7754450996449126,3.0286099470570496,0.60282576231266,3.374884992875254,0.39322247588326814,3.6252600809696265,0.15591907162513055,3.763479966589346,-0.0978548815201832,3.7784241184594505,-0.355080816368552,3.6650407170939343,-0.6011136487342925,3.425200698983157,-0.8198465529372373,3.0684698487514708,-0.9938748910207156,2.6127985916270133,-1.1046565275606746,2.0851306179668807,-1.1326661763444599,1.5219327533130746,-1.0575418593927632,0.9696495561579791,-0.8582219930118502,0.48508697643571597,-0.5130720331355816,0.13573004502422542,-0.0,0.0,0.4230640286324292,0.10690786449569424,0.8143282671939172,0.41775566230214817,1.1659481793130395,0.9146207087023573,1.4715248680470963,1.576022334809916,1.7260334714056849,2.3776270147828957,1.9257474250409061,3.2929165858371063,2.0681602151520955,4.293817908704528,2.1519060427844794,5.351293077416581,2.176680618270516,6.435889947152788,2.143163107925102,7.5182533087574095,2.052940069072617,8.569597502550977,1.908432037461773,9.562141638459366,1.7128232752919477,10.469508881847243,1.469995049576781,11.267091483196019,1.1844626897135082,11.932383383682538,0.8613165695641445,12.445282326552395,0.5061670722586527,12.788363454396363,0.12509352413697383,12.947126382985461,-0.27540297361822685,12.910217720512373,-0.6884429325268852,12.669630953520382,-1.1068082348938975,12.220885553320457,-1.5229784388311207,11.563187074392937,-1.9291638236299016,10.699569923510122,-2.317335379177379,9.637024378785897,-2.6792519478567502,8.386609334617251,-3.0064847276467535,6.963552144028141,-3.290439341873573,5.3873368262543035,-3.52237567507904,3.6817818060799814,-3.6934256664445386,1.875108253639961,-3.7946092427331286,0.0
50,2,-0.5704325913472222,2.191261397451389,-0.5974178721352771,2.139035177214121,4.961431640955202,5.002280559364044,4.282871828736278,8.76693553381253,-0.0,-0.0,-0.23850839312110964,-0.06574182433588284,-0.34391451064367323,-0.21633176464304552,-0.34267465170145733,-0.39189024772022335,-0.259762510893307,-0.54540372370091,-0.11846949438620766,-0.6419330096085635,0.059782466549616574,-0.6577247414640057,0.2556115648680863,-0.5792332054373772,0.451826543085842,-0.4020617558284626,0.6335536903649767,-0.12983475556070292,0.7883378034244954,0.22698756775570056,0.9062151914213847,0.6523378219040001,0.979757557470438,1.1257994041364832,1.0040863754584806,1.6238790192147239,0.9768581672240206,2.1212790779937887,0.8982218389751836,2.5921556861436295,0.7707499260151037,3.01134868783661,0.599346194424636,3.3555713079294813,0.3911325359067849,3.604548287409728,0.15531845287114976,3.7420929706842916,-0.09694334226756439,3.7571155141878214,-0.3527115966093342,3.644556176507248,-0.5974178721352771,3.406239455269856,-0.8150311521839657,3.051646594898295,-0.9882225095197614,2.598605649035942,-1.0985269684392323,2.0738997984651912,-1.1265000704021577,1.5137959666968368,-1.051867063149829,0.9644969190013731,-0.8536630568258795,0.4825209649310013,-0.5103629091451971,0.13501410744146983,-0.0,0.0,0.4208309080103992,0.10634407002974162,0.8100054125614106,0.4155464657154532,1.1596984725387982,0.9097612211348641,1.4635280045621477,1.5675933864231484,1.7164848676919287,2.3648032328630015,1.9148582136581755,3.2749742187893425,2.0561578626675545,4.270142821665376,2.139035177214121,5.321389125231589,2.1632037125701276,6.399387738498324,2.129360729960018,7.474919214347454,2.0391104725363585,8.519342631656295,1.8948899294795862,9.505030410683135,1.699897652841647,10.405766753304851,1.4580260470238888,11.19711134513345,1.1737974229460062,11.856730133812627,0.8523039981778929,12.364695115422649,0.49915193012368303,12.70375512733615,0.12040939088015228,12.859579669163308,-0.27744137154952614,12.820977761173078,-0.6875480917961759,12.580093808702212,-1.1027288106349693,12.1325823777769,-1.5155086375864406,11.47776370694273,-1.9181531468761737,10.618761687866217,-2.3026986137755587,9.562625946667438,-2.660979304966949,8.320439552545906,-2.984652038202991,6.9074137728476765,-3.2652182241735197,5.3429711865292,-3.494043598038428,3.6508183627682493,-3.66237584029218,1.8590092096079562,-3.7613602771411143,0.0
51,2,-0.5886136334930555,2.1835395064791667,-0.6013514895327913,2.1827900491767953,4.96517700767372,5.0046345245577335,4.419377130860677,8.73604130985945,-0.0,-0.0,-0.24890888635818248,-0.06849412603588032,-0.3611274394620543,-0.22613340897917364,-0.3633323278870383,-0.41129347651187076,-0.2808467340009277,-0.575359434823535,-0.1374148534653389,-0.681992478941958,0.045014248067345594,-0.7062858555339324,0.24648781749012333,-0.6338162652826236,0.44923034215709673,-0.4595995268355001,0.6377994843409429,-0.18696184230260776,0.7992130579859197,0.17365981154652324,0.923044036392551,0.6059728919454774,1.0014816570793763,1.0891235839725202,1.0293578310398566,1.5990129819499728,1.0041392039412964,2.1096178508168686,0.9258862950869816,2.594299107016731,0.7971821021122929,3.0270821177204605,0.6230333624407854,3.3838943193049764,0.41074827706573164,3.6437474134325054,0.16979491336997027,3.789853413238709,-0.08835528928485933,3.810665980595488,-0.35039447277246566,3.70084071857779,-0.6013514895327913,3.4621102700818085,-0.8247672225109188,3.1040721458153384,-1.0028685157900812,2.6448891000411168,-1.1167376158821962,2.11190354483534,-1.1464745450329838,1.5421689143780408,-1.071350361322193,0.9829020467012799,-0.869949780874174,0.4918615418089137,-0.5203021254698568,0.13765769373546474,-0.0,0.0,0.42923309653511177,0.10846047057639846,0.8263014281924561,0.42386361677293605,1.1831585005937335,0.9280517243111435,1.4932506869010962,1.5992200948482542,1.7514413180918296,2.4126447242407982,1.9539304292684532,3.3413708594548654,2.0981719711358306,4.356860724685005,2.1827900491767953,5.429599550135592,2.2074955112058783,6.529659757362367,2.173003973814817,7.627223757266562,2.0809561646283323,8.69306630792467,1.9338412633805082,9.698997768554113,1.7349237522548155,10.618269883371338,1.4881741351926743,11.42594594572889,1.1982037565665171,12.099237339567834,0.8702038406894245,12.617808542368028,0.5098887836146991,12.964052711257036,0.12344365582068832,13.123339970774195,-0.28252418319477707,13.084240485094083,-0.7010295015685136,12.838724336461338,-1.1247498187752194,12.38234015140551,-1.546062435027458,11.714374322319344,-1.9570780796800604,10.837992568685088,-2.3496713998722236,9.760365473345997,-2.715508513121334,8.492779517781026,-3.0460718457459475,7.050735028784372,-3.332682473813426,5.454032339187431,-3.5665201756071303,3.7268473587481767,-3.738641395083502,1.8977976491539486,-3.83999530501615,0.0
52,2,-0.6235377209027777,2.141751012861111,-0.6234194780527644,2.161785950473767,4.963186805315285,5.005895696255839,4.68159109335213,8.568851293172838,-0.0,-0.0,-0.24169255023081307,-0.06665817459723632,-0.3476125706137141,-0.21907054323334643,-0.34468615442278594,-0.39613767122297533,-0.25840022890576425,-0.5498726670210843,-0.11258321754867372,-0.6446264366881148,0.07080371146216553,-0.6562056904734237,0.2718594805879872,-0.570890335395034,0.4729150088111216,-0.3843594833006911,0.6586797196266264,-0.10053768345641645,0.8163589324933413,0.2696249566703007,0.935739336171653,0.7094234626815568,1.009240777831211,1.1977030511051119,1.0319336991361265,1.710181498295665,1.001522650227577,2.2207717065077865,0.918297356876888,2.702887833259659,0.785053753422649,3.130719327497284,0.6069881824464233,3.4804586263903476,0.3915685716324016,3.7314700273405523,0.1483868123903949,3.8673892668450223,-0.11100321961756082,3.877145512211439,-0.37325753601361317,3.7558997062401036,-0.6234194780527644,3.5058954084152694,-0.8450986975019366,3.137220369914621,-1.0206480457563916,2.6684789994140776,-1.1313352228243372,2.1273775739705703,-1.1575065671236056,1.5512254924454416,-1.0787409137247828,0.987357041933493,-0.8739919867143675,0.49347904849518076,-0.5217182995787482,0.13795042198150403,-0.0,0.0,0.4290178128258043,0.10846099595172315,0.8246923814821879,0.4234519088035403,1.1792292962680018,0.9262888179620375,1.486324515160111,1.594766418460686,1.7410842377910114,2.4038833816988006,1.9399407805757731,3.3265265712691305,2.0805662992427547,4.334112586567535,2.161785950473767,5.397185966415014,2.183491833233886,6.485974117674668,2.1465588103202538,7.570899643531604,2.0527630872081244,8.62305123972486,1.9047042220714552,9.61461471386143,1.705731059967028,10.519265973704728,1.4598719263648472,11.312528036409109,1.1717692802441355,11.972094243586854,0.8466189138647618,12.478119938043797,0.4901136935572393,12.813484877572023,0.10839176160828588,12.964028639063365,-0.2920109384642102,12.918761211156596,-0.7042039943247005,12.6700508933776,-1.1209819269940198,12.213791520969746,-1.534859895404346,11.54955092304196,-1.938105947843987,10.680702402053596,-2.3227700696451272,9.61454089892787,-2.680710275700216,8.362385383393946,-3.0036159912630964,6.939668885989706,-3.283028956070579,5.366017468416985,-3.5103618760142328,3.6653193140421823,-3.6769150341534806,1.865785011275581,-3.7738910594062816,0.0
53,2,-0.6183611960704225,2.1304079629929578,-0.6067055406701392,2.1748562115461247,4.963331703823194,5.00430611253041,4.642725164736643,8.523469310417799,-0.0,-0.0,-0.24865409577763556,-0.06845020357414647,-0.36023965118959855,-0.22581577519594,-0.3616048274576138,-0.41032748900342664,-0.2782127060997503,-0.5733033236944308,-0.13391876354076807,-0.6784000169169997,0.049242323731610436,-0.7007554609604804,0.25125510743363905,-0.6260279696409307,0.4543018480604881,-0.44934111056780385,0.6429163578230241,-0.1741452743345971,0.8041092253517906,0.18899067168386965,0.9274613356193607,0.6236425236467236,1.0051836306021584,1.1088322645014599,1.0321421700060305,1.6203508080686833,1.0058486855221704,2.1320846154985174,0.9264179150425423,2.6173292085663107,0.7964939982892378,3.050073501404382,0.6211490646675363,3.406240232244669,0.40775781234107206,3.664869517304993,0.16585234316722788,3.809234573552167,-0.09303822559175225,3.827880862142361,-0.35555879808411267,3.715582186372792,-0.6067055406701392,3.4742095399364716,-0.8300051687872246,3.11351065774565,-1.007692531781637,2.651800202489399,-1.120883244797367,2.1165622727295377,-1.1497386658078053,1.5449684079905661,-1.0736210837990923,0.984315475432426,-0.871237542496774,0.4923887491738109,-0.5207712498821484,0.13775614791774526,-0.0,0.0,0.4291711446666222,0.10846330149567425,0.8257669634817176,0.42373317600994037,1.1818057134071058,0.9274624090121819,1.4908068974878348,1.5976913893812401,1.7477125445972856,2.409579273660654,1.9488042052345411,3.3360946350720413,2.0916175520877385,4.3486639383872525,2.1748562115461247,5.417777060510691,2.1983061939815753,6.513549824764324,2.1627520444541686,7.606244138593257,2.069895607211972,8.666746827330668,1.922278090598715,9.667008650707395,1.7232059357003269,10.580445285278735,1.4766808328364087,11.382302266800018,1.1873340943812385,12.049986023767449,0.8603654791741869,12.563363208376273,0.5014864712399374,12.905030554821641,0.11686794167170837,13.060557477027368,-0.2869079348181459,13.018703567334429,-0.7028916801777004,12.771613082129472,-1.123806632378778,12.314988406487844,-1.5420854065968208,11.648244383269663,-1.9499029329428974,10.77464527742237,-2.339206310620757,9.70142602733586,-2.7017417180695924,8.439899315037792,-3.029078614115447,7.005549868217916,-3.3126314574327322,5.418117291375718,-3.5436791615865535,3.7016686121626377,-3.7133824913096074,1.8846616232063367,-3.8127995930528753,0.0
54,2,-0.6314199040902778,2.1244712968819446,-0.5945024941314643,2.168195385043663,4.953758622437836,5.003891997880728,4.740771408142619,8.499717525650562,-0.0,-0.0,-0.2508251505094977,-0.0690046675218196,-0.3643133677069738,-0.2279421077224929,-0.36733561627418576,-0.4149147735351067,-0.2853715328163932,-0.5811223261510365,-0.14228370936684384,-0.6901092041007734,0.03989709168489275,-0.7169018322978813,0.2411702773916205,-0.6470423264192741,0.44374219717223506,-0.47552821706378273,0.6321768538553761,-0.20567013151355626,0.793516887448026,0.15211858136945525,0.917372153423686,0.5815847062139591,0.995974306281647,1.061933849432219,1.0241969283455243,1.5691478013020874,0.9995418511500243,2.0773034613977903,0.9220933445796508,2.5598768019754212,0.7944427480742391,2.991016412526062,0.6215868514089359,3.3467726466809693,0.4108038761264594,3.606270190506649,0.17151125304272974,3.7528138911735067,-0.08489046003639918,3.7749198277892644,-0.345183208242868,3.6672657773514996,-0.5945024941314643,3.4315573435453692,-0.8165100503077223,3.0773080031429982,-0.9935647357483591,2.6225331282622575,-1.1068887360748048,2.094359623245247,-1.136726654919859,1.5295541488125017,-1.0624955955800417,0.9749739842770014,-0.8629248269814392,0.4879454041794708,-0.516184088287367,0.13657503188548575,-0.0,0.0,0.425953470063722,0.1076269921897756,0.820094747948793,0.4206428168410163,1.1744236085461022,0.921078105898539,1.482420769969371,1.5873366667733106,1.738972057509633,2.3949171992995852,1.9402885990185224,3.317096025850979,2.083824772159339,4.325569290429045,2.168195385043663,5.3910538829128525,2.193093339290807,6.4838470268862025,2.159208804594917,7.5743450383667765,2.06815073066456,8.633522225736295,1.9223713385155572,9.633371267290801,1.7250940698406694,10.54730668213437,1.4802453308069559,11.350533213044038,1.1923902446192016,12.020381076776637,0.8666725244527124,12.53661011799853,0.5087584934451755,12.881684936883769,0.12478520966835834,13.041023055942675,-0.27868740040111406,13.003218156441713,-0.6947205382147553,12.760240355592183,-1.1160368285662192,12.307615418373084,-1.535057105120981,11.644584707423954,-1.9439338911376844,10.77424757512347,-2.33458178813769,9.703687797272957,-2.698704987802913,8.444085540602769,-3.027822120802879,7.010816248923429,-3.3132886514800464,5.423537726970146,-3.5463170201345067,3.7062665982354015,-3.7179947256991905,1.8874452143901856,-3.819300531428546,0.0
55,2,-0.582887319607639,2.1485804236180552,-0.5901991827373672,2.17900789473871,4.960758498596499,5.005702404455052,4.37638332441559,8.596174826508337,-0.0,-0.0,-0.2486674382980348,-0.06837168721423141,-0.36192756321730407,-0.22610587283460387,-0.36603924661182546,-0.4121153075952679,-0.28591802725215043,-0.5781149009025092,-0.14493243612578735,-0.6878989715492841,0.03529346755927297,-0.7165180236007824,0.2350667509842659,-0.649359300518088,0.4367968960276216,-0.4811376669431215,0.6251473890844533,-0.21480559757650208,0.7871636891788766,0.13960687601116856,0.9123742344403578,0.5662095871014501,0.9928618833971777,1.044512858888333,1.023304045336356,1.5507160760807335,1.0009806928967446,2.059008305654856,0.9257504238705145,2.542864908957312,0.7999956990140975,2.976324412406063,0.6285392805876088,3.335230695448058,0.41853468890603346,3.59842677013801,0.1793341455397305,3.748888004689435,-0.0776620439408329,3.7747845060864464,-0.3391704121064209,3.670464436672413,-0.5901991827373672,3.4373522045969422,-0.8142287383178066,3.084757647634648,-0.9933936007083214,2.630594440417465,-1.1086621713185505,2.102007923761784,-1.1400109266394283,1.5359143228036145,-1.0665902839454438,0.9794548451963913,-0.8668799080580843,0.49036940509951754,-0.518831793374687,0.13729569213818726,-0.0,0.0,0.428423750794704,0.10824226487839535,0.824988421755015,0.4231051097014883,1.1815105511327506,0.9265484955082159,1.4913238143441845,1.596822823403514,1.749205897981237,2.409209529281656,1.9512991149891654,3.3367234582711225,2.095026875222385,4.350774427164518,2.17900789473871,5.421786383395221,2.2029697812173237,6.51977344967613,2.1676633835632444,7.614872899702584,2.0747790505547905,8.677835743129673,1.9268657134899079,9.680476112311892,1.7272534962700918,10.596081047045548,1.4799803664400801,11.399782576848777,1.1897231740158425,12.068894214417297,0.8617332818497245,12.583214110562333,0.5017768711897014,12.925297191853701,0.11607990767032512,13.080698618545911,-0.28872232556779126,13.038190872562646,-0.705631281668764,12.78995672278259,-1.1273269899278047,12.331760225964358,-1.546205912614939,11.663097813623072,-1.9544150700580134,10.78733139419623,-2.3438826963807355,9.711805271062836,-2.706345691846929,8.447948544613183,-3.0333741353675685,7.011364533972364,-3.3163931137654368,5.421908623778516,-3.5467021140458836,3.7037558155871335,-3.715492212184621,1.8854591434514287,-3.8138612776358674,0.0
56,2,-0.5745005421180556,2.1537741190833333,-0.6050213398502114,2.1852580579913483,4.955444200219875,5.0036737923647605,4.313414459051177,8.616954087886876,-0.0,-0.0,-0.2534790949160005,-0.06971448419380888,-0.3685042817208844,-0.2304096368578579,-0.3719661290166475,-0.41963233334230465,-0.28941308340978605,-0.5880486623789923,-0.14482629349914466,-0.6987163858489321,0.039598325509561154,-0.7262463871461943,0.24365516876755164,-0.6558581332203025,0.4493156747740102,-0.4823369616423338,0.6408916123981372,-0.20890366134794375,0.8051704460274103,0.15399078012062317,0.9315191456035568,0.5899303545003293,1.0119538257616347,1.0778426589640067,1.0411737358812825,1.5933334664615542,1.016559317376454,2.1100292947041748,0.9381352293677641,2.6009101844034803,0.8085003544227362,3.0396156299481727,0.6327277749176664,3.4017078628055284,0.4182385118163188,3.6658783916985183,0.17465340972810883,3.8150857566896477,-0.08637208070601396,3.837614747516449,-0.35132532974664027,3.728049756798371,-0.6050213398502114,3.48815737663188,-0.830790369724497,3.1276757032781664,-1.010664203873915,2.665010004872653,-1.1255574169863347,2.127836365409598,-1.1554405715044973,1.5536165985280732,-1.0795029099033133,0.9900291003349594,-0.8763027264643798,0.49532137328666087,-0.5239041982859081,0.13859071033111636,-0.0,0.0,0.4318065724078437,0.10912913887831632,0.830802457119671,0.4263291742101538,1.1888929994028559,0.9331055031439159,1.4995191282645353,1.6073033567729194,1.75757582682611,2.423855459795436,1.9593257349786262,3.355487615209575,2.1023099815591384,4.37338031623511,2.1852580579913483,5.447785465169562,2.207998260714654,6.548598113443209,2.171369955840186,7.64588383170878,2.0771386636401026,8.710362880691369,1.927914727581969,9.713852793075215,1.72707612547625,10.629671306165879,1.4786958000392407,11.43300181765923,1.1874737326014582,12.101223686012569,0.8586738556606143,12.614209775739871,0.4980657956697608,12.954593668781364,0.11187135463067464,13.108008937242833,-0.2932844247167813,13.063302810398573,-0.710417812559417,12.81272647880007,-1.1322268001256104,12.352104168282857,-1.5511276192013181,11.680982993081555,-1.9592876416755929,10.802765465506207,-2.34865493163833,9.724826404057488,-2.710984720328576,8.458615845929701,-3.037863067325183,7.0197494362599775,-3.3207279610017757,5.428087637256816,-3.550888098452748,3.707804976951003,-3.7195395706726653,1.887450440762681,-3.8177806634135063,0.0
57,2,-0.5903885409791667,2.156626539076389,-0.6053353088967637,2.1913068109308855,4.961932793770022,5.0060153052569145,4.432703335194349,8.628366228046678,-0.0,-0.0,-0.2475756120615136,-0.0681207878247989,-0.359281020955549,-0.22493682067980914,-0.3615159755087794,-0.40916414858592376,-0.27934555899067676,-0.572393816805669,-0.13629070442603786,-0.6783720182588903,0.04587544237361085,-0.7021767645197788,0.2473204352385906,-0.6292952151149177,0.45032985582017765,-0.4546082471748151,0.6394644171809483,-0.18129123109250628,0.8016926272120326,0.18035779972314867,0.9264954164895309,0.6141494364099347,1.0059399275699525,1.0992788848229444,1.0347205917232478,1.6116307295493333,1.010166638986735,2.1250958582447885,0.9322162455517756,2.612883769801463,0.8033585632771153,3.0488138539381553,0.6285458453242352,3.4085700985551908,0.4150787308327213,3.6709050063421422,0.17246844064850558,3.8187802131944686,-0.08771986234066317,3.840433310606297,-0.3520379951288369,3.7303625844133914,-0.6053353088967637,3.490223691311027,-0.8309443202348756,3.129634603479624,-1.0108671271609468,2.66688737000798,-1.1259587199777452,2.1295672944055184,-1.1561038031083655,1.5550819495179256,-1.0803843174145924,0.9911040017935052,-0.8772354575381459,0.495933071450342,-0.5245885832173491,0.13878280608340413,-0.0,0.0,0.43256277574550467,0.10931245626406567,0.8324260650382215,0.42710395646416577,1.19143837176058,0.9349215006415683,1.5029814364708827,1.6106226925735416,1.7618934409479476,2.4291234601150657,1.9643861656810988,3.3631057695243483,2.1079582954379474,4.38368286929905,2.1913068109308855,5.461020633139259,2.2142381352691287,6.564914473562359,2.1775804346512673,7.6653220645044735,2.0830982133039306,8.732852745533265,1.933410100149688,9.739214988846303,1.7319105039356981,10.657623702802457,1.4826956174277677,11.463169434005305,1.190494080982435,12.133151726603666,0.8606024712663549,12.647379015437663,0.4988256610420727,12.988437481583999,0.11142199904904054,13.14193129667697,-0.29494681708414505,13.096696637055022,-0.7132613596452938,12.844991770113966,-1.1361858078454414,12.382665411825613,-1.5561052577020595,11.70930543357577,-1.965159276396717,10.828369864482552,-2.3552719804467213,9.747301997279592,-2.718178917460011,8.47763126580315,-3.0454510259997774,7.035061423342518,-3.328515938580855,5.439547416075193,-3.558676880245074,3.715362216334963,-3.7271294005066378,1.8911547578329029,-3.8249761605273838,0.0
58,2,-0.5703733431111111,2.214697589479167,-0.5941082469120035,2.196309895340299,4.957246954913201,5.00412264441442,4.282426986339136,8.860700515436609,-0.0,-0.0,-0.2529254446435021,-0.06951983018654988,-0.3685493072932761,-0.23004782292511358,-0.3733923991653456,-0.4196129053475818,-0.29267436660394763,-0.5891885105232322,-0.15009003643616292,-0.7019859055500998,0.032407243143256756,-0.7326372094430362,0.23480971020657562,-0.6662729894642975,0.43924135834324074,-0.49750207057003953,0.6301211952881455,-0.22930379249185237,0.7942992644814679,0.12815471724748823,0.9211619493677713,0.558761726907775,1.0027040822764837,1.0417485182255648,1.0335664823462483,1.5530044493927135,1.0110386889556362,2.0664020718816145,0.9350277762656142,2.5551150749120506,0.8079951724101235,2.992912538145855,0.6348643134377221,3.3554141679817224,0.42290269866886576,3.6212927997290425,0.18158245559168473,3.773412375100678,-0.0775761421222379,3.7998917510169936,-0.3411736277712492,3.6950869587880657,-0.5941082469120035,3.460486813857164,-0.8197565173398119,3.1055189866849062,-1.0001535024718735,2.648265709954012,-1.1161693137413287,2.1160901571690816,-1.1476788807501324,1.5461761411926411,-1.0737225844996356,0.9859851234919458,-0.8726559097108325,0.4936355866585029,-0.5222868124741299,0.13821060840377775,-0.0,0.0,0.4313042179838677,0.10896814898796034,0.8305955772689403,0.425959910124417,1.1896633801767105,0.9328513498540757,1.5018171007090848,1.6077962488531234,1.761810579804368,2.425967500986207,1.9657609550495971,3.3602592050325906,2.111064324977359,4.38194732678448,2.196309895340299,5.461307746312825,2.2211940998195496,6.568191315043237,2.186435939543497,7.672556231049155,2.093694551356099,8.744958603866456,1.9454897987152937,9.757002530248796,1.7451264843854537,10.68175134961369,1.4966226122039505,11.494102003574444,1.2046419764651095,12.171124599450913,0.8744312312910199,12.692369384461562,0.5117614875132803,13.04014338641628,0.1228743994009359,13.199758978414176,-0.28556736389538073,13.159756588655682,-0.7065254191078714,12.912103710354765,-1.1326269369391075,12.452372278203148,-1.5562020991701808,11.77989637319144,-1.9693179833392989,10.897912102162449,-2.363809122381442,9.813681376686253,-2.7313049889918193,8.5386011913184,-3.063254651739344,7.088299876918748,-3.350948843289807,5.482721682720153,-3.5855396715079944,3.7462009229511124,-3.7580581925390923,1.9075268112780588,-3.8594300519224425,0.0
59,2,-0.57649681409375,2.2519396759027774,-0.6078704356423124,2.207784385996879,4.963023282428335,5.0070907879855815,4.328402692782712,9.00970098210855,-0.0,-0.0,-0.24907806924755876,-0.06851563764261337,-0.3617927186767743,-0.22635679942221354,-0.364511036030307,-0.41198280471413656,-0.2823094035068174,-0.5767228859007665,-0.13875720265004388,-0.6840766670080944,0.044294605279841553,-0.7089074957635824,0.2469147228268807,-0.6365323872653653,0.4512772838092381,-0.4617149971602047,0.6418270807111534,-0.1875706431729195,0.8054196605232332,0.17560518261935695,0.9314323918514613,0.611571237498371,1.011843491256132,1.0994225801155144,1.0412770277741563,1.6149036898627467,1.0170130456698558,2.13173537992323,0.9389630945969046,2.6229380877885116,0.8096125702595142,3.0621345528504618,0.6339322879589678,3.4248158521269776,0.41926258523832016,3.6895562018023633,0.17517393944646314,3.839163761070232,-0.08669143292774342,3.8617567969325934,-0.35279226503854544,3.751756876917671,-0.6078704356423124,3.510793143006332,-0.8351380349122784,3.1485140822073916,-1.0164649729860662,2.6833054565923273,-1.1325632463901443,2.142915113322921,-1.1631645140430855,1.5649872066226045,-1.0871882274568987,0.9975098911440873,-0.8828981735769409,0.4991817706059754,-0.528045892420274,0.13970330442632323,-0.0,0.0,0.4355131497222972,0.11005404835836216,0.8381916254258617,0.4300317410798816,1.1998120401886365,0.9413940841254561,1.5136943154446845,1.621879275452273,1.7746245232132538,2.446255369260663,1.9787717171312014,3.3870327618252345,2.1236009469509636,4.41513405267485,2.207784385996879,5.500519866548463,2.2311122275501094,6.61277011800718,2.194404735761259,7.7216209606399175,2.0994265783074924,8.79745829035419,1.9488043279793796,9.811769174976716,1.7459478028749615,10.737552970604916,1.4949757222144413,11.549694170760551,1.2006459877859381,12.22529923008311,0.8682907593432331,12.743999722848317,0.5037563746968915,13.088224250391983,0.11334806997980726,13.243441512187633,-0.29622061952495293,13.19837691350145,-0.7178739548647857,12.945205007733419,-1.1442158038740176,12.479719972074086,-1.5675674139172902,11.801486198109922,-1.9800014118956049,10.913970950524194,-2.373372305168801,9.824660912047479,-2.7393437585248495,8.545164295349894,-3.069412918170158,7.091300065836244,-3.3549320452798823,5.483175685774242,-3.587127710081171,3.7452546616985494,-3.7571177837046146,1.9064150549089138,-3.85592644991627,0.0
60,2,-0.5991789445833333,2.2913631531875,-0.61071845431895,2.224048105873078,4.96794239501665,5.004398603686238,4.498702670664629,9.167428893655694,-0.0,-0.0,-0.25007105453625705,-0.06878424716773952,-0.3633104422470398,-0.2272716724776631,-0.36613383399264765,-0.4136991367036349,-0.2836764735636206,-0.5792003802024894,-0.13957434647090974,-0.687111007013307,0.04424975696500164,-0.7121650570158871,0.24778994015095301,-0.6395869450295275,0.4531453275457398,-0.4640852245589315,0.6446875345760958,-0.18875724858764834,0.8092028762174883,0.17608376803986533,0.9360054122707048,0.6141456450235886,1.0170178173580438,1.1044427167068487,1.046818096332806,1.6226132681061378,1.0226512854773906,2.1422515870065975,0.9444064250289728,2.63623714898762,0.8145601968219548,3.0780438748767707,0.6380896339056962,3.443013355373861,0.4223571771897538,3.709577364988375,0.17697203980197135,3.8604168045780036,-0.08636768063458283,3.883546320881541,-0.35404743692451557,3.7733161466530905,-0.61071845431895,3.531325079694569,-0.8394851160936757,3.1672408724789394,-1.0220931902668395,2.699526546737074,-1.1391150070374594,2.156073205288897,-1.1701282225604206,1.5747417302375095,-1.0938853877086363,1.0038172947046327,-0.8884721458217837,0.5023818548805395,-0.5314524806682999,0.14061072695181773,-0.0,0.0,0.43842874871521303,0.11078653559572138,0.8438969449439648,0.43292631702220913,1.2081067389300484,0.9477984527497781,1.5243121923419694,1.633024131770304,1.7872427693298543,2.463223759185997,1.993020633254071,3.4107341920406786,2.139073945892594,4.446283537899282,2.224048105873078,5.539622012727071,2.2477165937706682,6.6601082557943485,2.2108928241722845,7.777251265974228,2.1153441488605336,8.861208759305688,1.9637089165341894,9.88324325925636,1.7594172774350998,10.81613762859929,1.506616228345536,11.634572046739752,1.2100992256176288,12.315464641060672,0.8752405509935807,12.838278107939237,0.5079344959022213,13.18529472073685,0.11453933300085278,13.341862129795246,-0.2981740330824867,13.296612323861565,-0.7230689028170596,13.041656052905486,-1.152685317090305,12.5727549173288,-1.5792785313905462,11.889473215298517,-1.9948536885099135,10.99531151444675,-2.391196959337663,9.897823781531772,-2.7599034238703095,8.608719767958203,-3.0924019613383025,7.143954213586902,-3.3799774107018536,5.52380429856837,-3.6137902518617038,3.7729366449199344,-3.784894044736256,1.9204650476149971,-3.8842508486760536,0.0
61,2,-0.6430413209583333,2.2627058161458335,-0.6157248217636998,2.2251911563174698,4.971028442908403,5.00522578355529,4.82802630849227,9.052774828783637,-0.0,-0.0,-0.23929771057583774,-0.06592724978088875,-0.3454788324342981,-0.21711776330286922,-0.34450624679323905,-0.39355444002403095,-0.26102742443975485,-0.5478814275984797,-0.11816836107513315,-0.644694726222319,0.06266595520997231,-0.6597311976133289,0.2619798472685873,-0.5789604206986917,0.4623594603237489,-0.39758615873951464,0.6486252364055685,-0.11896641207392664,0.8079605973540263,0.24653696260113947,0.9300137251412474,0.6827663632591994,1.0069700947336881,1.1690202123012134,1.0335942682971806,1.6813333516543072,1.0072403597122432,2.1937705082046612,0.9278314829355129,2.6797172058736773,0.7978093656473334,3.113152876734417,0.6220561034493928,3.4698917165382004,0.4077907179915691,3.7287779946528117,0.16444374055943606,3.87282400545412,-0.09648654508250085,3.890280568340873,-0.3615923077162303,3.7756318716324495,-0.6157248217636998,3.5305084349938536,-0.8421696053667015,3.1645139614728004,-1.0228242459830517,2.6959637953664135,-1.1383753910537755,2.152534536219768,-1.1684717431638028,1.571826033137199,-1.0918903237947277,1.0018384598184327,-0.8866937332549568,0.5013684239410057,-0.5303766139999913,0.14032908103882483,-0.0,0.0,0.4376496738946678,0.11058298028172815,0.8425871834465524,0.43218890116717534,1.2065615853851752,0.9463345632363159,1.5228357373217276,1.6307924078977498,1.7861183513464103,2.460330757004009,1.99248927601126,3.4074182999789353,2.1393199961843647,4.4428899471599195,2.2251911563174698,5.5365721178049725,2.2498087102412616,6.65786638393616,2.2139200893772157,7.776291140125715,2.119231569432727,8.861981612194475,1.9683278098826493,9.886149056013753,1.764594345976447,10.821500435558157,1.5121436333693525,11.642620213633744,1.2157450832103271,12.32631614742945,0.8807593819807324,12.8519311632753,0.513077266002324,13.201623500247024,0.11906281502661019,13.360617370067285,-0.29449875817237825,13.317426390359998,-0.7204489160054144,13.064052018425642,-1.1512993513545664,12.596159151332857,-1.5792714811050133,11.913230972480198,-1.9963320991013473,11.018705021236359,-2.3942254295411436,9.920092346329323,-2.7645018330932096,8.629081480005947,-3.098543422252072,7.161628842519562,-3.38758684098606,5.538037058400887,-3.622743457827395,3.7830225397540485,-3.7950172122592636,1.9257735694479992,-3.895320342497069,0.0
62,2,-0.6380900843958334,2.2453505446875,-0.6240840712978151,2.2240956897816804,4.968613867646631,5.004794946624703,4.7908518694567,8.983338774178746,-0.0,-0.0,-0.23067515525493065,-0.06365721983082095,-0.33086643452986153,-0.20893424181722725,-0.3262844056742243,-0.37706895122502204,-0.24128736002738424,-0.5218247564103426,-0.09868439601517814,-0.6087649906565897,0.08045380643432082,-0.6144305994257215,0.27697226947324444,-0.5254260260214099,0.47379300123000984,-0.3374202923885826,0.6560565678353126,-0.054072220351765385,0.8112407253352844,0.3141095209136434,0.9292534847924505,0.7509593872652646,1.002498676311708,1.2358876545111148,1.025912830241052,1.7451387577103692,0.9969729734248329,2.2530608003055375,0.9156757120299174,2.733371751806252,0.7844887087701891,3.1604082247510745,0.6082763333652604,3.510343446584126,0.3942018475320648,3.7623620812193823,0.1516089620852161,3.8997808594963215,-0.10811403771810943,3.9111054912214738,-0.3716841669539437,3.79101599359221,-0.6240840712978151,3.541274319885192,-0.8487292717987615,3.171549948370589,-1.027638893134191,2.70016083857973,-1.1416066467601786,2.154728830486463,-1.1703691190443932,1.5727501096024477,-1.0927687517437705,1.0020827536903754,-0.8869092800557701,0.5013545899708776,-0.5303017944201339,0.1402956094582438,-0.0,0.0,0.43740123472286635,0.11052577817678455,0.842022545516454,0.431929351739778,1.205693058709316,0.9457149309220374,1.5217276229959746,1.6296751772251965,1.7848637823115665,2.4586186343040515,1.9911918611826431,3.405063845028706,2.1380799816207885,4.439897171059192,2.2240956897816804,5.532992206618206,2.248925709301492,6.653789477612556,2.2132951643681054,7.7718358326152135,2.1188874361983046,8.85728355899992,1.968265637667401,9.881349794494199,1.7647965173080418,10.816737253094107,1.5125774396428378,11.638017648375392,1.2163669367262078,12.321979482140994,0.8815191878155032,12.847942078675288,0.5139226614319071,13.1980378920182,0.11994304717673124,13.357465203420636,-0.29362948656453863,13.314713366372795,-0.7196287490263669,13.06176275501859,-1.150556799493587,12.594261535720774,-1.5786241865316293,11.911681317850553,-1.9957863418704134,11.01745365475573,-2.3937763434693564,9.919089264861707,-2.7641342799415365,8.628281730835711,-3.0982334584932665,7.160997315868793,-3.387303702122531,5.537552413914437,-3.6224519802023947,3.7826800280615736,-3.794680610829202,1.9255865504422334,-3.8949032643963557,0.0
63,2,-0.6315149230069445,2.2286126663055557,-0.6310460546484813,2.229460433855555,4.976983418086447,5.00563792381172,4.741484820818474,8.9163728243756,-0.0,-0.0,-0.22775937608773228,-0.06289555226148306,-0.3257720052916616,-0.2061412702867799,-0.319657446898753,-0.3713204932168076,-0.23369154675947282,-0.5124987264576496,-0.09060908930956307,-0.595502239154866,0.08858632563775237,-0.5970996093946466,0.2848007824353032,-0.5040909325919849,0.4810126945675783,-0.31231157326274195,0.6624157040031334,-0.025559377843640103,0.8165384430476146,0.34554390680896785,0.9333384026025731,0.784744722512155,1.0052678921490634,1.2713898133532497,1.0273108867540954,1.7816840738254274,0.9969903946940349,2.2899594484323726,0.9143468054927854,2.7699402243602433,0.7818884546070375,3.195990485620872,0.6045163351834603,3.544330292750105,0.3894254738278181,3.794208268898265,0.14598594883833163,3.9290196524557315,-0.11439314305855823,3.937360453137054,-0.37841327271420416,3.814010055187615,-0.6310460546484813,3.560836381891422,-0.8556993038144297,3.1876195081539835,-1.034386218302301,2.7127913278309737,-1.1478945711725603,2.1640905034311677,-1.1759530965861142,1.579133411000369,-1.09739260245652,1.0059031151402102,-0.8902997161694011,0.5031595502101489,-0.5321615555068226,0.14077503425503338,-0.0,0.0,0.43874022933120155,0.11087111613439264,0.8444633829844841,0.43322885512492626,1.20902869013558,0.948466631829391,1.5257750862901125,1.6342798497936946,1.7894585740570574,2.4653904090773766,1.9961829540127989,3.414238161228493,2.143325678127544,4.4516364401769986,2.229460433855555,5.547389638735514,2.2542779076448842,6.67087156508753,2.2185060090039492,7.791563996334328,2.1238306660917634,8.879555444198042,1.9728181358316825,9.90600066129135,1.7688396096228043,10.843541847062609,1.5159987428225719,11.666692864409722,1.2190625945044216,12.352188056120648,0.8833963350663712,12.87929746076474,0.5149019639808189,13.23011037704541,0.11996117871015721,13.389789320867564,-0.29461755149372437,13.346796467483484,-0.7216477269525601,13.093094678947143,-1.1536094550526275,12.62432519133639,-1.5826901138048777,11.939963982998833,-2.0008212094953812,11.043458770156041,-2.399711624761955,9.942348484728669,-2.7708774731506285,8.648366985813771,-3.105668788490298,7.177532644862072,-3.395293283402255,5.550225328698809,-3.6308374119985656,3.7912521869922005,-3.8032849683042813,1.9299035339681547,-3.903533445057332,0.0
64,2,-0.6234256471874999,2.2205390813958332,-0.6335681929247446,2.2539815061632935,4.964725626601481,5.00566233170829,4.680749631336835,8.88407152133954,-0.0,-0.0,-0.23725511217217551,-0.06543300642986422,-0.34107013959597476,-0.21502114444087106,-0.3375585217421128,-0.38862263238638467,-0.2515270756753385,-0.5388348230903048,-0.10626040833698673,-0.6302867927798774,0.07668728153074206,-0.6388257735973898,0.27768800636877833,-0.5506023798356156,0.4792185894379571,-0.3610620399602189,0.6660176499340036,-0.0738523594354906,0.8252171437426173,0.30034179318224336,0.9464453685239543,0.7450219482807717,1.0218992009841545,1.239143581727348,1.046384270697389,1.7584117980673812,1.017322741856655,2.2765889962050347,0.9347293248940339,2.7667984383485624,0.8011570301526239,3.202808179893138,0.621614967705301,3.5602807767734155,0.4034611609495465,3.817975510605251,0.15627385597032278,3.95889149086154,-0.10829483720453247,3.9713418296357244,-0.37667894304627547,3.8499510573403297,-0.6335681929247446,3.596569977438519,-0.8620832093666098,3.2211041707708343,-1.043952565313617,2.7422542893876276,-1.1596883054278484,2.1881680708539704,-1.1887569143524064,1.5970056135639827,-1.1097431637867088,1.017420850948301,-0.9005047426225132,0.5089633290259552,-0.5383160508362519,0.14240532027822028,-0.0,0.0,0.4438205126656305,0.1121559292748342,0.8541982218521001,0.4382379336834521,1.222875818952738,0.9593956933795702,1.5431140288469019,1.6530324683268185,1.809622390025299,2.493547115131826,2.018483742297409,3.4530398360614334,2.16707436433828,4.501979007419712,2.2539815061632935,5.609827357029505,2.278919851772223,6.7456265809781115,2.242648233505559,7.878540203980128,2.146887709357849,8.978355095635376,1.9942419132925282,10.015942559704236,1.7881204007378375,10.963680320952578,1.532665539830446,11.795837051583439,1.2326833453763266,12.488921315382132,0.8935785177122684,13.02199697170099,0.5212938326839833,13.376967182733944,0.12225393120507032,13.53882921546116,-0.29668652372946674,13.495902233040292,-0.7282904194955617,13.240030237532078,-1.1649816432309774,12.766762264190474,-1.5988845935931921,12.07551184383188,-2.021859967329988,11.169697649908024,-2.4255370507974416,10.056867135905522,-2.801342756440718,8.74880485086263,-3.140527647725732,7.261626999678279,-3.434189194337851,5.615863693372135,-3.673292493766641,3.8365302148249034,-3.848688686646562,1.953188509546488,-3.9511312822566738,0.0
65,2,-0.60043614525,2.2444873485416665,-0.6572364304687638,2.2336600132207423,4.969252358496548,5.004186448720213,4.508141874174405,8.979885245096199,-0.0,-0.0,-0.21682072394717786,-0.060065570631128856,-0.3061839058881349,-0.19558445612439326,-0.2936780305245434,-0.34927905610733245,-0.2034960448663049,-0.476325300336548,-0.058242139416997275,-0.5436063086000278,0.12125294223211391,-0.5288713959602788,0.31610386175673433,-0.41980574377796925,0.5095259190167492,-0.21301811306439816,0.6869699371422018,0.08704411285650772,0.8362336954524756,0.4692415819977278,0.9475474480401339,0.916938953082461,1.0136318013879329,1.4092367796866212,1.0297270169950827,1.9222252114589755,0.9935936155241278,2.430245160427816,0.9054849483891609,2.9071427176764435,0.7680931348648923,3.327503124744979,0.5864704069685743,3.6678514684152246,0.3679284370521045,3.9078084268600746,0.12191862905991943,4.0311907895921335,-0.1401033728216307,4.027048037895021,-0.404825563337472,3.8906279399068824,-0.6572364304687638,3.6242658212690197,-0.8807874633982828,3.238193859991876,-1.0575581752622158,2.751268372682471,-1.1684207561057276,2.1916145677088372,-1.1932017774430697,1.5971896084187382,-1.1108387085116849,1.0162660351479709,-0.8995293587107669,0.5078386264419769,-0.5368727164333802,0.14195863353205548,-0.0,0.0,0.44161811761960273,0.11163613145469409,0.8492259704539916,0.4359413274735104,1.2148692018231046,0.9538598902161107,1.5320519893833842,1.6427260283640677,1.79567464633461,2.476977812217548,2.0019651714905202,3.428838346323997,2.1484063685656203,4.468961544791644,2.2336600132207423,5.567040669679547,2.2574893953168824,6.692378494618897,2.220681408887235,7.814418580871719,2.1249692079178124,8.903237700583501,1.9729562955503275,9.929999913187912,1.7680427704023296,10.86737319843057,1.514354318275993,11.689909877084007,1.2166744119744668,12.37439231273987,0.8803800671760982,12.900145590268863,0.5113813988636307,13.24931901417249,0.11606513088342697,13.407138368837423,-0.29875786922751857,13.362130938406956,-0.7259010272257138,13.106325302289234,-1.157846526475165,12.635427908734824,-1.5867859033620126,11.948978388683074,-2.0046569163478893,11.050485510120325,-2.4031768612699484,9.947545594061248,-2.7738725277115277,8.651945121097603,-3.1081070065029626,7.179749155965144,-3.3971035675473646,5.551377110030002,-3.6319668310660984,3.7916672508228912,-3.8037014548554664,1.9299312561614252,-3.9032285560242195,0.0
66,2,-0.6089767826388889,2.3107940554444446,-0.6421954210842036,2.257869685013538,4.966462893171386,5.006689855464063,4.572265936907102,9.245169261668646,-0.0,-0.0,-0.2300873856523696,-0.06352581628203414,-0.3292763388489163,-0.20827698124237662,-0.32323859421423284,-0.3752715213220702,-0.23635912128651754,-0.5180502474121875,-0.09153072744935427,-0.6019818968086722,0.09004595519726977,-0.6034667257302934,0.28905234548423986,-0.5090424314563557,0.48822696329901655,-0.31439865163325803,0.672521227441963,-0.02330857514631529,0.8292320265935326,0.35351169302188795,0.9481077143848998,0.7996035329088871,1.021424949849028,1.2940120094018812,1.044034681222812,1.812562829790442,1.0133765093448124,2.3291544000302222,0.9294616188055256,2.8170491772431805,0.7948253831529836,3.2501488419487745,0.6144515914265435,3.6042385809528126,0.3956709705975722,3.8581869326663196,0.14803726470034884,3.9950891367854116,-0.11681544065517559,4.003343674446343,-0.385330196810336,3.8776536019197887,-0.6421954210842036,3.619946288502033,-0.8705198731532786,3.2402071891109823,-1.0520105571715552,2.7572252433422224,-1.16715001889079,2.1992493348688646,-1.1953698819453087,1.6045569196721736,-1.1152179004972982,1.0219374031403785,-0.9045162717071161,0.5110940918001023,-0.54050942836739,0.1429695545031195,-0.0,0.0,0.44536686487234123,0.11255682071827051,0.8569568303260008,0.4397286310646866,1.2265283844007255,0.9625021537473398,1.5473561114398515,1.6581249876226019,1.8141639759087649,2.5008473084735616,2.0230516893373363,3.462628396426588,2.1714161406346832,4.51380503386292,2.257869685013538,5.623719762445872,2.2821568854315055,6.76130783564637,2.2450710920261954,7.895642448120225,2.1483720371386896,8.996438463896588,1.9947054222855127,10.03451540344182,1.7875252834939763,10.98222088980713,1.5310197460770258,11.81381610278007,1.2300406213454942,12.505825055123193,0.8900371571038795,13.037349695310139,0.5169941314007628,13.390352965738469,0.11737437461025281,13.549912013299787,-0.3019342822845125,13.504443769229882,-0.733667706497978,13.245905095665517,-1.170229939136792,12.769969644981957,-1.6037336209511155,12.076183501729504,-2.0260365731249004,11.168101582000519,-2.4287747599136664,10.053406656727239,-2.803391873288458,8.74401274834551,-3.141165786037984,7.256154528341349,-3.4332321203197274,5.610464219622075,-3.6706051746074584,3.832037385000917,-3.844196444393453,1.9504888633796398,-3.9448309617689254,0.0
67,2,-0.627510927212766,2.3454583214964537,-0.657797527615958,2.2719906052279986,4.975747472393985,5.00628468896148,4.711422371636242,9.383856223506402,-0.0,-0.0,-0.22133164711341682,-0.061223985395163764,-0.31432559768693985,-0.19994818008644089,-0.3043411653188565,-0.35839375484626457,-0.21543540626446672,-0.4911441060973257,-0.07016927415425482,-0.5644451312200252,0.11058097867484168,-0.5554097244307694,0.3078030787616241,-0.45113013324905915,0.5045146369462749,-0.24770385276750417,0.6859117963929693,0.05081927496046738,0.8394970478595037,0.4335592180068202,0.9551830853236146,0.8839859485995021,1.0253701492072402,1.3811450297839387,1.0449949842298998,1.9009148400724911,1.011550298006286,2.4172809320437323,0.9250744134428968,2.9036126643584845,0.7881116279996394,3.3339272983950847,0.6056445899032954,3.68412720819963,0.3850007403491655,3.9331966953438284,0.13573551975919065,4.064346091406678,-0.1305044312792719,4.066092318289267,-0.4001344493056588,3.933266796975983,-0.657797527615958,3.6679434773822055,-0.8865385242533709,3.28028173062851,-1.0679829717989953,2.789280826066578,-1.182516742655021,2.2234446387840556,-1.2094631178670778,1.6213570371800783,-1.1272541928934328,1.0321700331104535,-0.9135940045339329,0.5160081998759816,-0.5456112533221564,0.1442940497988057,-0.0,0.0,0.4491672397135605,0.11353259675702558,0.8639474223388601,0.44342733003070745,1.236110255155691,0.970368694704522,1.5589421464609348,1.6713076853769309,1.827182292740008,2.520204540827108,2.0369509170166866,3.4887374802710864,2.1856717400891816,4.546974033362,2.2719906052279986,5.664002567940544,2.2956919864330283,6.808522533179867,2.257614902195313,7.949392749290929,2.159569541117887,9.05613778214739,2.0042556912991567,10.09941304055019,1.7951838589214937,11.051429727735542,1.5365997681792871,11.88634117248976,1.233412758125296,12.580592366408982,0.8911284344306342,13.113234751414378,0.5157857964921426,13.466208445398513,0.1138989428804859,13.624594173904887,-0.30759663983179675,13.576837201960306,-0.7413932794644033,13.314945542055451,-1.179855949312726,12.834664660588416,-1.615062913230418,12.135630823803638,-2.038842404690966,11.221505122426745,-2.4428055831594637,10.100090097933876,-2.8183760249256755,8.783430767912618,-3.156816011509719,7.287901717611327,-3.4492498783780934,5.634281793077233,-3.68668468136168,3.8478178010702546,-3.860028429040346,1.958278494390433,-3.960106117474484,0.0
68,2,-0.6589908222708334,2.3732507592916665,-0.6415566158704995,2.293506841514546,4.970701096563695,5.005177453704039,4.947776951933537,9.495049945424524,-0.0,-0.0,-0.2238548702467284,-0.06182192196593455,-0.31993874643953346,-0.20256558373293798,-0.31319888809406676,-0.364630300850348,-0.22733666469183922,-0.5025853754854209,-0.08462025115025125,-0.5825002552242462,0.09429915958823537,-0.5811817649692727,0.2905638696678616,-0.4853211051456786,0.48727510454096423,-0.2905552062690569,0.6696436147447263,-0.00044892324384982314,0.825121907842313,0.3745936205529076,0.9435148955249885,0.8184785343812018,1.017066194317137,1.3106210022630678,1.0405178850411394,1.8271807184586877,1.0111421978338087,2.3423202331262822,0.928744321694336,2.829471939079959,0.7956363109586237,3.262599222348593,0.6165828429881914,3.6174374812662538,0.3987203374965556,3.8727012867885517,0.15145164476735185,4.011244889288075,-0.11368088306955097,4.021164536762876,-0.38314063215260435,3.8968326045852555,-0.6415566158704995,3.639855284829724,-0.87189413862004,3.259947473549367,-1.0556322966605718,2.775720453421423,-1.1729444571116778,2.2153799240501226,-1.2028780640984438,1.6173338147283491,-1.1235304391025949,1.0307110645684687,-0.912217647280332,0.5157941232908329,-0.5456339670188382,0.14436927568218308,-0.0,0.0,0.4503501012827588,0.11378552895715772,0.8672152525662253,0.4447605523526112,1.2421161457139611,0.9739982724074571,1.5680960276878317,1.6787150505622808,1.839663281147422,2.533017753893266,2.0527249228842,3.5086200311070135,2.20451313773191,4.5755235106215615,2.293506841514546,5.702660942950382,2.319350103107274,6.858499266893462,2.282769065162874,8.011601447327317,2.1854887968167453,9.131146701039293,2.030151299615244,10.187409390748815,1.8202356782610272,11.15219742541814,1.5599812870688907,11.999251460090077,1.2543144761463203,12.704606546560688,0.9087793915897501,13.246918155005702,0.5294731334057341,13.607754675355942,0.12298544427477781,13.77185862558677,-0.3036570083924302,13.727378852158898,-0.7430417861686742,13.466076015420711,-1.1874173717853151,12.983503619129666,-1.6287355598131055,12.279166776924983,-2.058689748765217,11.356660817278721,-2.4687493677998784,10.22379171894286,-2.8501906907022017,8.89268024703463,-3.194124300339262,7.3798515305953725,-3.491519469951959,5.706311689794463,-3.7332257249605227,3.897612988225029,-3.909991841735355,1.9839088555417506,-4.0124825291674195,0.0
69,2,-0.6733145472097902,2.310762652104895,-0.6748739837880684,2.2579038130078612,4.9721268231665725,5.006697537741013,5.055321084148598,9.24504362122534,-0.0,-0.0,-0.21017672659665274,-0.05830966109736396,-0.29494825729170243,-0.18928228153765014,-0.2794803726146205,-0.3365588261024934,-0.187593255166741,-0.45603463653171455,-0.041573993464865,-0.5151395891410023,0.13800487495060607,-0.4920258491748585,0.3324568024603863,-0.3746672354262318,0.5251387269767968,-0.15987619069747447,0.7015908990697336,0.14775372751274263,0.8496556621754027,0.5369701398320486,0.9595722918200973,0.9910376515170456,1.0240456046584203,1.4889546024299591,1.038286748785388,2.0066972174592395,1.000025352374554,2.518477009483019,0.9094930031858786,2.997997073890824,0.7693788200436977,3.4196930981461375,0.5847586229199678,3.759945479317143,0.36299987790614974,3.9982498670154096,0.11364515963795682,4.118334683685807,-0.15172268379758483,4.109215661570606,-0.41963017221373256,3.966179110567956,-0.6748739837880684,3.6916874241318904,-0.9006892081427362,3.29620217178542,-1.078921472003888,2.798921950891133,-1.1901995534466345,2.228433918002589,-1.2141053963132329,1.6232795415001524,-1.1293387993898667,1.03243657300849,-0.9138744627862997,0.5157204972429207,-0.5451095051121475,0.14410977146751452,-0.0,0.0,0.44793440422166086,0.11325141518803522,0.8609583455083833,0.44210745712528904,1.2310696420386598,0.9670494146304847,1.5517479748878655,1.664930381985998,1.817892358917996,2.5097008964471845,2.0257514735522277,3.473101445167061,2.172848731419352,4.52531874665033,2.2579038130078612,5.6356036144618855,2.2807522245863048,6.772849032943772,2.2422642537116615,7.906127807921071,2.144264509338079,9.005189795750924,1.989453048175301,10.040919261039333,1.7813289105277066,10.985753369193498,1.524116721136792,11.814063189156576,1.222696856210878,12.502498870248882,0.8825395385519801,13.030300872161618,0.5096430993653778,13.379579276599125,0.11047653818174138,13.535563300898627,-0.3080735789724048,13.4868231761996,-0.7387519191614168,13.225466553154352,-1.1739789778782024,12.74731156410623,-1.605891617157329,12.052038608893744,-2.026379730873352,11.14332284812358,-2.4271192487362137,10.028949288374893,-2.799601708675273,8.720912233152747,-3.1351606378792427,7.235500755628645,-3.4249949869775462,5.593371727777566,-3.6601898608626717,3.819611818330833,-3.8317347845098206,1.9437897513469733,-3.930539733783522,0.0
70,2,-0.6959319131249999,2.2491445309583336,-0.6680316097869754,2.2523061005784615,4.980213763964465,5.004049712233718,5.225134802347439,8.99851799154243,-0.0,-0.0,-0.2011168620922949,-0.05586826472134858,-0.2807589182921235,-0.1808776516517908,-0.26346741376933225,-0.32047915351162765,-0.17242249731737394,-0.4320613480802324,-0.029271885000732134,-0.48422680268604756,0.14603372588952757,-0.4559843620939909,0.33539525139595233,-0.335861507692252,0.5227066907513543,-0.12094257356386562,0.69398054320871,0.18415987561396324,0.837454540729742,0.5683918063402876,0.9436774466084459,1.01539269568887,1.0055721235812325,1.5046677919720763,1.0184745861305817,2.012785947806551,0.9801483035728705,2.5145908107225794,0.8907735944822808,2.9844129327291564,0.7529125294121944,3.3972704249377763,0.5714503179113612,3.7300461327191927,0.3535146783127833,3.962629927392588,0.10837515700925181,4.079015579345657,-0.1526752374468581,4.068342763679749,-0.4164534033638073,3.925876014944605,-0.6680316097869754,3.6539138490045815,-0.8908920157694714,3.2626227610058045,-1.0670871696109696,2.7707923410524633,-1.1774034679626946,2.2065092767517136,-1.2015246935635568,1.6077494903958336,-1.118192961856509,1.0228890490599636,-0.9053646775262959,0.5111357552420732,-0.5403594173164983,0.14288444785861865,-0.0,0.0,0.44459816678584424,0.11238314348640212,0.8551241924845001,0.43891124083316896,1.2235780050855145,0.9604873036746159,1.5433978213132564,1.6543758748786408,1.809407825061008,2.494909453085993,2.017758037304632,3.45416673414444,2.165858034995179,4.502619182013363,2.2523061005784615,5.609743252858729,2.276815279090325,6.74459636175454,2.240137693577344,7.876355389078486,2.1439883288413077,8.974817164345712,1.9909693445153567,10.010860933198051,1.7844958267770084,10.956873305853431,1.5287237382499208,11.78713660236774,1.2284806816174354,12.47818185352458,0.8891999570822022,13.009107989672879,0.5168582691738959,13.361868958258645,0.11791732592908535,13.521530659902128,-0.3007305260816544,13.476499688948499,-0.7318125737756995,13.218725914016904,-1.1677219328987567,12.743880943748172,-1.6005597438435042,12.051514499088317,-2.022173494281949,11.145190662101736,-2.424191633352642,10.032605898111562,-2.7980546708367973,8.725690658038843,-3.1350429748520434,7.240696265737123,-3.426301494215922,5.598268684910577,-3.662861637886399,3.823510645321025,-3.8356605448258074,1.9460334913504373,-3.935557974238204,0.0
71,2,-0.6692375006805555,2.260200791923611,-0.6800844503801644,2.2584245626381922,4.971212678330414,5.0080252448557125,5.024710161860188,9.042752571333017,-0.0,-0.0,-0.20788656680298057,-0.057736813733016826,-0.2904726854564237,-0.18700967488132733,-0.27310556800304436,-0.3315582705855375,-0.17975709085388378,-0.4474604270408547,-0.03282631894245867,-0.5023947705183134,0.14704852098607307,-0.47480683053183437,0.34116434838538395,-0.35298438666374576,0.5329098585025314,-0.13404992451537487,0.7079009741138651,0.17712006310759762,0.8540922079309273,0.5690375861864522,0.9618617104262719,1.0247948474760238,1.0240685284354976,1.5232915543892367,1.036081379130749,2.040483751723082,0.9957790166790991,2.5506399206211983,0.9035230027551411,3.0275903135271682,0.7621043593037665,3.445956070555618,0.5766661605639178,3.7823455506265375,0.35460459579762216,4.016506462400779,0.10545139535140928,4.132423740897044,-0.15925924232790886,4.119354628060435,-0.42613595380470765,3.972794021810033,-0.6800844503801644,3.6953648029510133,-0.9044674725393658,3.297629481942246,-1.081267392107392,2.798821082912639,-1.191248618772013,2.2274926624611,-1.214117244952587,1.6220862150340205,-1.1286756788766028,1.0314229220125815,-0.9129703557020263,0.5151177424325398,-0.5444309672085641,0.143922210853871,-0.0,0.0,0.44729295655505147,0.1130902246506032,0.8597546618748767,0.44147938528377684,1.2294816871703023,0.9657143759463439,1.5500211819541043,1.6627554288110382,1.8163095179985087,2.50668635177225,2.0246048830161008,3.4693925053768835,2.1724154437601917,4.521203904161594,2.2584245626381922,5.631501604106577,2.2824144029892723,6.769286243151375,2.2451891019435766,7.903708230423264,2.14849853151708,9.004559629707376,1.9949635127402598,10.042728253868997,1.7880031977762465,10.990614881562179,1.5317651939561072,11.822514829364062,1.2310588734922734,12.514965366410518,0.8912921946874199,13.047060650474407,0.5184122554927005,13.400736000545376,0.11884970852960101,13.561023407912606,-0.30053291200715976,13.516280232099692,-0.7324889673174276,13.25839303615952,-1.169431664993519,12.782958493887893,-1.6034742977953076,12.089443255108415,-2.0264669177673085,11.181324589468698,-2.430029618413332,10.066213548780256,-2.8055826152374066,8.755962296886048,-3.1443733260756837,7.266757157858361,-3.43750065830703,5.619198830994887,-3.675936711189513,3.83837111707801,-3.8505460990888265,1.9538993967241356,-3.9521030960132766,0.0
72,2,-0.6658112464652778,2.2876734071597222,-0.6876565707537583,2.2700563209193487,4.979752153829013,5.007819299507778,4.998985461204419,9.15266672717054,-0.0,-0.0,-0.20311395552460115,-0.056441911018793534,-0.2830582918384995,-0.18259184773600137,-0.26460073291824954,-0.3231071054207858,-0.17120978466353778,-0.43471195248804184,-0.024865935162584035,-0.4855007005556734,0.15412215112069144,-0.4541474482285018,0.34729221735181726,-0.3290260508949453,0.53818959209253,-0.10724597885288939,0.7125109881907619,0.20638822763142134,0.8582273267745819,0.6004842989053432,0.9656825180161684,1.0582250927604615,1.0276657858466047,1.5585743131008774,1.039455876043755,2.0775114143902016,0.9988362993985501,2.5892813869114537,0.9060815944387556,3.06764490190125,0.7639154079024447,3.48711449287939,0.577441948983184,3.8241630410849794,0.3540530435589658,4.058391782717245,0.10331357223570267,4.173646313297965,-0.16317149595296537,4.159070569036868,-0.43190497272695216,4.0100904492491525,-0.6876565707537583,3.72932053792671,-0.9136296055045844,3.3273892181937903,-1.0916317126873718,2.8236792869501723,-1.202246222589045,2.246982912143059,-1.2250011247499275,1.6360713845186026,-1.1385329122761603,1.0401815622390023,-0.9207429938103322,0.5194221637774796,-0.5489447827849061,0.1451041156524152,-0.0,0.0,0.45078399632445376,0.1139827053719661,0.8662238721604464,0.4448848204809576,1.2383518030190528,0.9729797209764941,1.5606746993777845,1.6749279265436774,1.8281130301338995,2.524499516163743,2.036932414796171,3.493264066711358,2.1846698539031353,4.551244972158725,2.2700563209193487,5.66753589991664,2.2929372714567897,6.810877961311694,2.2541924457115816,7.950196906491163,2.1556561549735305,9.05510029580572,2.00003905922485,10.096335149024481,1.790852265249571,11.046207032496332,1.5323344072192495,11.878961916729317,1.2293822172223887,12.571132428632726,0.8874849535232656,13.101850340835098,0.5126629304988187,13.453127292752901,0.11141028654153805,13.610105832471254,-0.3093579654995698,13.56128291305915,-0.7423546372072664,13.298707979500318,-1.17996490683355,12.818157750377468,-1.614286847981148,12.119289738651348,-2.0371681251609814,11.20577647453398,-2.440239063655659,10.085422296088982,-2.8149423191759957,8.77026446461807,-3.1525593832664196,7.276660246243794,-3.4442341645698815,5.625361481843786,-3.6809938850768424,3.8415780474918666,-3.8537675254142982,1.955031489116573,-3.953402045017176,0.0
73,2,-0.6778965944375,2.315659075944444,-0.7005011953092446,2.289832176332107,4.97631045233486,5.007542391530868,5.08972360828059,9.264633539706756,-0.0,-0.0,-0.2065912820167327,-0.057400753300426384,-0.2880292038795741,-0.18573851145060247,-0.2694145064085771,-0.3287617156846061,-0.17455278982738853,-0.44245344998944697,-0.025761754833066128,-0.49433560663321235,0.15631768126687673,-0.4626774657174404,0.35290210251455595,-0.3356116928263922,0.5472337869458701,-0.11016292813033668,0.7247321144566199,0.2088036977087992,0.8731242073692936,0.6097047175663775,0.9825512732440874,1.0754198631984677,1.0456477337212786,1.5845200752713227,1.0575909757504625,2.112527806352819,1.0161204188527118,2.6331945640897008,0.9215255128215403,3.1197802170976625,0.7766032184677382,3.5463186281084464,0.5865864322224664,3.8888546844957053,0.35904564834892194,4.126638738961736,0.10376687038313506,4.243265805032899,-0.1673906452666408,4.227748507281694,-0.44065282709319975,4.075514685827712,-0.7005011953092446,3.7893226118273513,-0.9298509758417701,3.380088896388013,-1.1102327747338951,2.867626283997947,-1.2219739257075182,2.2812905355706183,-1.2443760010784575,1.6605374597678044,-1.15588544132186,1.0553927928905735,-0.9342547798758054,0.5268390213466566,-0.556692486790481,0.14712436612347235,-0.0,0.0,0.45664154790988076,0.11548547216045812,0.8769790806854888,0.4505821272440402,1.2529960125215358,0.9850693576754495,1.5781917051700172,1.6950998819352887,1.8475138761623549,2.553941175992181,2.057283606313255,3.5326811651030243,2.2051151030124685,4.600895022378417,2.289832176332107,5.727270950177767,2.3113831615516522,6.880193743777744,2.270755786867644,8.028285745090626,2.1698932492902574,9.140905484500232,2.011612533374158,10.188604882840893,1.7995257927509045,11.143546348524108,1.5379654177848467,11.979881464820847,1.2319132367547299,12.674093229088118,0.8869341440606764,13.20530399002562,0.5091143172391543,13.55555134195325,0.10500407434651973,13.710034287563731,-0.31843466676413323,13.657331983068438,-0.7538764373174716,13.389597341794245,-1.193675939746184,12.902727702857156,-1.6299076487873791,12.196514678275038,-2.0544015254562398,11.274775181501706,-2.458775095567864,10.145465518573086,-2.8344621536245,8.820780294611454,-3.1727383550759494,7.317237757219384,-3.464743956668456,5.655753067414449,-3.7015039571039017,3.861700860620254,-3.873945879633959,1.9649683366590853,-3.9729154254353314,0.0
74,2,-0.6922169447777777,2.2967449790694445,-0.7032463215756305,2.29348420715382,4.976375785155115,5.007175060737213,5.19724240363055,9.18896083896176,-0.0,-0.0,-0.20341624185610457,-0.05655885693389784,-0.2827474042827406,-0.18274142983535,-0.26292982359337425,-0.3227885918055956,-0.16761805415678177,-0.4330970954225558,-0.018989949136972377,-0.48152985818711863,0.16244386189921542,-0.4466297076750214,0.35802171960672197,-0.316739875303881,0.5510995083234836,-0.08903672873253983,0.72720181442114,0.23151759984684642,0.8741517608663527,0.63329298725662,0.982176113529481,1.0991679573349245,1.043982912083073,1.607752102232557,1.0548096606077784,2.1346400233379534,1.0124409835554193,2.6536817605337273,0.9171955687018232,3.138254359359057,0.7718831343505924,3.5625193663527126,0.5817330279034904,3.902651631762304,0.35429684528691496,4.138025802392692,0.09932812055622656,4.252348252795019,-0.17135735386887033,4.234723862049829,-0.4440366693284175,4.080648917309515,-0.7032463215756305,3.7929234300165344,-0.9319560139841925,3.382478202296847,-1.1117457858690643,2.869114000267568,-1.222982776638029,2.2821521075679088,-1.244994308365273,1.6609972878351165,-1.156234416523825,1.0556157342961705,-0.9344414522291045,0.5269318977238178,-0.5567848921546875,0.14714914439357035,-0.0,0.0,0.4567537794028849,0.11551109787248064,0.8772816858699788,0.4507074808194179,1.253595698232872,0.9854154637326695,1.5792074657248694,1.6958448344225618,1.8490624806719267,2.5553225734802805,2.0594671358160177,3.534991792502784,2.2080107191101086,4.604472853602539,2.29348420715382,5.732484612734841,2.315797506298009,6.887424607531802,2.2758965689780104,8.037907779659953,2.1756815913070993,9.153263979950967,2.017927283729697,10.203995053580327,1.8062060051208666,11.16219274748875,1.5448143659754439,12.001919030494241,1.2387037406458006,12.699550677116106,0.8934149831246645,13.234090148893733,0.5150175158030977,13.587444922121362,0.11005285537838831,13.744677468516615,-0.31451744649751895,13.694228105032844,-0.7513595396645958,13.428112899784386,-1.192810834837191,12.94209876103011,-1.6309195721860994,12.235857752607041,-2.057480614070262,11.313102578451673,-2.4640676956009053,10.181705066308846,-2.842062377171842,8.853799360962478,-3.1826799467871494,7.345871414079194,-3.476992518330206,5.678836234064243,-3.7159495660478115,3.878104237573112,-3.890396126507411,1.973637926327806,-3.9910888880043944,0.0
75,2,-0.7213255532857143,2.2470266069714286,-0.7066362273986077,2.268720080795055,4.977965399494397,5.009231994471412,5.415793098740587,8.990044468903687,-0.0,-0.0,-0.2027988134519362,-0.05642067654867879,-0.28123676177109935,-0.18207824829970187,-0.26045082215021287,-0.3211274610760334,-0.16425736225301515,-0.4299695736464361,-0.014957193080962418,-0.476543184898891,0.16685408753579672,-0.4395187309188418,0.36246611160867437,-0.3074003813973836,0.5552197733635703,-0.07754124506126944,0.7306551067339244,0.24492007022883272,0.8766371839136357,0.6481914912684329,0.9834567234973511,1.1150162652170785,1.0439027583808802,1.623905159206468,1.0533054974082041,2.150397602459926,1.0095483853931873,2.66833658139845,0.9130492820551845,3.1511418285363786,0.7667115966670485,3.573066036240016,0.5758470867540427,3.910419465479975,0.3480728140517465,4.142749374509774,0.0931854132799456,4.253962110341605,-0.17698365822039488,4.233377418475427,-0.4487278765212381,4.076706453893455,-0.7066362273986077,3.786947033271111,-0.9337704148289151,3.3751917685591355,-1.1118446666998822,2.8613467839470177,-1.2214043902260179,2.2747606689195092,-1.2420003247364344,1.6547650989600657,-1.152355312622844,1.051130115951175,-0.9305213298606753,0.5244383711281521,-0.5540249566098032,0.1463836781627937,-0.0,0.0,0.4538629701544152,0.11480578126235463,0.8711550757256318,0.4477591497493283,1.2440347378880128,0.9785504442288205,1.5661602973380497,1.6833269192956881,1.8326205110812162,2.5354256579060097,2.0398582702623282,3.5060699462951423,2.185589635642842,4.56502625396333,2.268720080795055,5.681219959193482,2.289259606391278,6.823308849505398,2.248238153977576,7.960214199517802,2.1476225141491496,9.061609884276544,1.990235699803024,10.098370526987079,1.7796795458399424,11.042980112385138,1.5202611061994444,11.869902829200216,1.2169232497326519,12.555918147355417,0.8751797091182478,13.080422298548566,0.5010547117332241,13.425698423735458,0.1010272172326666,13.577157688597707,-0.31802029785710345,13.523553658556862,-0.7488486347633385,13.257172177708366,-1.183904423153773,12.773998919659828,-1.6153586414812249,12.073866680113147,-2.035141345503232,11.160584367550413,-2.434972858518044,10.042049524994555,-2.806391683769023,8.730346087014578,-3.1407793998764433,7.241828945577193,-3.4293827954795577,5.597196768901802,-3.663333490743678,3.8215543913788506,-3.8336652820540253,1.9444659715201205,-3.931329432956091,0.0
76,2,-0.7429997097569445,2.219652415986111,-0.7004470780133458,2.2692288963813905,4.979376710535823,5.008262045569506,5.578525094721072,8.880524094959402,-0.0,-0.0,-0.19677141680698654,-0.05479698494103536,-0.27180321822214293,-0.17648791790887441,-0.2498464911279859,-0.31044291918595246,-0.1543078913433754,-0.41407925371564797,-0.0070666022094253555,-0.4561431700867975,0.1717023941372565,-0.4159016408567858,0.36369497834620085,-0.28224809923353533,0.5526307979370216,-0.05272813359105827,0.7243889157052288,0.26750709618533935,0.8671230247483797,0.6668102822893333,0.971353495044435,1.1281993112179056,1.0300340685246123,1.6305583695921257,1.038591661789026,2.149865724279751,0.9949384431535385,2.6604344918444105,0.8994560942739265,3.1361524807337946,0.7549529140638935,3.5517073321343764,0.5665951411047302,3.883783695782555,0.3418145286842417,4.112220032747973,0.09019477590385899,4.221113800813628,-0.1766601238290551,4.199865199299017,-0.44527222519548404,4.044151268980887,-0.7004470780133458,3.7568238929908757,-0.9254386347205457,3.348727057782528,-1.102118045785737,2.839430542613846,-1.2111429586764153,2.2578789497124125,-1.2321242222289506,1.6429566115742131,-1.143787260804096,1.043970372988674,-0.9241257980543354,0.5210535110403953,-0.5505460550560105,0.145495105948015,-0.0,0.0,0.4515833275700643,0.1142041150719053,0.8673667535329975,0.4456082600830669,1.239498293760254,0.974287429801511,1.561587304368888,1.6767583504857495,1.8286430241348406,2.5266951189383504,2.037006100009707,3.4956122772943288,2.184274979001656,4.553512291661615,2.2692288963813905,5.669495307247543,2.2917490132742997,6.812329874122399,2.252739066383247,7.950984067086801,2.154046697648427,9.055117055776709,1.9983864393532191,10.095531716728157,1.7892651462329714,11.044589320443576,1.5309104947534304,11.876587678839924,1.2282030137601079,12.568104408864668,0.8866119718439308,13.098307164718,0.5121353257232558,13.449232822785627,0.11124383062242763,13.606037678978078,-0.30917067265152903,13.55722074640364,-0.7418428495830237,13.29482223042871,-1.1791774542397355,12.814599215826615,-1.61328905628913,12.116180533765244,-2.036038098525,11.203202690920936,-2.439063492407421,10.083428644310029,-2.8138119726095314,8.768851097992835,-3.151564438251108,7.275781885381246,-3.4434595096758844,5.624928886542209,-3.6805145264483996,3.84146181609682,-3.8536442057121887,1.9550681059896042,-3.9536771710274943,0.0
77,2,-0.7321197969577464,2.196827419992958,-0.691709717949691,2.221309765403054,4.974274417153814,5.008447731798969,5.496837490026639,8.789204424625119,-0.0,-0.0,-0.1871199655991423,-0.0522233467340377,-0.2561825138816874,-0.16745045427812846,-0.23155353213928842,-0.2927983480915821,-0.13620591860293443,-0.38722627717434666,0.008457606290945472,-0.4207946125580614,0.18277237014174733,-0.37383732499130734,0.3689666597633776,-0.2360536206960562,0.5513003250963877,-0.005526066573631501,0.7161841390367205,0.3123258879306882,0.8522774863482464,0.7058467405676724,0.9505625384127386,1.1582887958685084,1.0043937001354355,1.6489869672568753,1.009521762606478,2.1545519891926155,0.9640928330711066,2.6500693840601333,0.8686227180937883,3.110291717232971,0.7259479861123278,3.5108121518836404,0.541155416034716,3.8292080514968876,0.3214919381103316,4.0461443348024035,0.07625748565713726,4.146427422754918,-0.18331660075347636,4.120001885950714,-0.4442008398184409,3.962883259062722,-0.691709717949691,3.678021893625121,-0.9096498354481326,3.276094131767357,-1.0804713789441498,2.7762184650614454,-1.1854203600914142,2.206595662754863,-1.2046892606103097,1.6050730854544744,-1.1175639622625455,1.0196345220419092,-0.9025651069714472,0.5088178826146769,-0.5375823171558577,0.1420639369850392,-0.0,0.0,0.4409349535747717,0.11150866504424903,0.8470322202296217,0.43512070571859074,1.2107126041027356,0.9514637039424764,1.5257821693676301,1.6377241135179965,1.7873770424584234,2.468326372417319,1.9919022041075873,3.4155828514843694,2.1369657204515686,4.450312000418745,2.221309765403054,5.542422753037103,2.2447396736327825,6.661463902246941,2.20805213972393,7.777137744252245,2.1129635488754355,8.859777816923673,1.962039292011624,9.880791016843247,1.7586247868700802,10.813064773022075,1.5067787996041684,11.63134028408482,1.2112095410981794,12.312553092574898,0.8772139004354932,12.836142478805275,0.5106200761262707,13.184331312006234,0.11773377463571653,13.342378103598369,-0.2947119341439852,13.29880307174677,-0.7196030835489535,13.045590053533521,-1.1494876358272024,12.5783660966489,-1.576614751247869,11.896560531760642,-1.9929706229310256,11.003545274664823,-2.3903110288536675,9.906758038539394,-2.7601907738471243,8.617810055248535,-3.093990208924937,7.152579814342936,-3.3829390239268444,5.5312942323446,-3.618137513156265,3.778598565800869,-3.790575513292415,1.9236162816999327,-3.891149209168306,0.0
78,2,-0.7373830225347222,2.2091299295069446,-0.7124041259512512,2.2281892484751213,4.973403512722748,5.007473712031689,5.536354377549976,8.838425073489137,-0.0,-0.0,-0.18904234463520636,-0.05281382582009899,-0.25771355378242344,-0.16898743832971924,-0.23099970919936955,-0.2946378740969262,-0.13244694952889804,-0.3880230206660633,0.016022049849813813,-0.41877544436062614,0.19428191926219346,-0.36704671274865325,0.3841648863272754,-0.22256802634907089,0.5696038948992479,0.016365146077863296,0.7367553205871997,0.34397501560697297,0.8740985675643438,0.7481391002592798,0.9725104487710783,1.2115714198274197,1.0253129425163754,1.7130342684603155,1.0282936506401932,2.228567053576262,0.9796990230056651,2.7327185375488856,0.8802011271212478,3.199769031224711,0.7328394000959915,3.604929645218664,0.5429393976316178,3.9255065717315265,0.3180110321530416,4.142019500817545,0.06762915704945442,4.239264617154709,-0.19670039920607452,4.207314118502794,-0.4616861156700253,4.042445786109197,-0.7124041259512512,3.7479977631637293,-0.9324564581259998,3.3351453072447,-1.104131162451905,2.823597830094643,-1.2085615577986832,2.2422159841593756,-1.2258821165428095,1.629549869509433,-1.1353788328036583,1.034300594786077,-0.9156322648341253,0.5157084174546821,-0.544651795192989,0.14387150505897692,-0.0,0.0,0.44568051802090436,0.11275199846758542,0.8551863178110413,0.43964321526864014,1.2210205399939653,0.9606518478808886,1.5371024520919976,1.652364182356733,1.7987044884837096,2.4886671808956025,2.002383780834411,3.4414081435534523,2.145909757244591,4.481019089387971,2.2281892484751213,5.577104257106796,2.249190388130254,6.698989806949043,2.2098664365304073,7.816235409808111,2.112080500220938,8.899107934956927,1.9585319647957702,9.919017894920877,1.7526853112804108,10.848919677681584,1.4987018482453285,11.663676896565565,1.201374764920566,12.340394422037534,0.8660677960307234,12.858718833084497,0.49865768748709893,13.201109145293715,0.10548056361281367,13.353079744636405,-0.3067177789965708,13.30341748688585,-0.7308276890993656,13.044374918843543,-1.1594176796901876,12.57184154511025,-1.584772778909731,11.885495008581112,-1.9989293751472406,10.988933979232012,-2.39370674137598,9.889794458631,-2.760735439215355,8.599851110938301,-3.0914828123176052,7.135105128393039,-3.377275782452633,5.515860033340121,-3.6093211610609117,3.7667867121509495,-3.778723684927902,1.9169788709066486,-3.876501977778393,0.0
79,2,-0.7588323582708333,2.189245043513889,-0.7186705112513315,2.224320266746764,4.968938618134001,5.0082213185316915,5.697398394253746,8.758868378974697,-0.0,-0.0,-0.18867374799377126,-0.052754354233713725,-0.25635392789293904,-0.16851532542020697,-0.22832369718564485,-0.2931648075191935,-0.1283802963290458,-0.3848627977954666,0.021352224653305867,-0.4132571962282958,0.2005981527806039,-0.3586028381704795,0.3910893969248028,-0.2107967703539736,0.5767055473566544,0.031661440064026644,0.7435918290501117,0.3627740083706806,0.8802526412347007,0.7702021915949431,0.977619016518278,1.2364638529192702,1.0290890151382097,1.740158015946096,1.0305407665906576,2.257202775470785,0.980318555454149,2.762072959721242,0.8791929957137451,3.229024301337279,0.7302969260997109,3.6332915464553284,0.5390391693327372,3.9522488786896592,0.3129987165030073,4.166522214900747,0.061802214631544866,4.2610442938229545,-0.20301215382345486,4.226044974779563,-0.4681412059887914,4.057970738637146,-0.7186705112513315,3.760328984830153,-0.938232254433386,3.3444542979540746,-1.1091642736881606,2.830195371289891,-1.2126675766782795,2.2465226852022107,-1.2289599308463661,1.63205831539072,-1.1374234531279384,1.035530366913929,-0.916744475934502,0.5161554799637974,-0.5450443252207634,0.14395362523928343,-0.0,0.0,0.44564869249143046,0.11275756249508039,0.8548415154832981,0.43956454673531287,1.2201660325196928,0.9602798511857208,1.5356206552936857,1.651411449944315,1.7965496487903216,2.4868058113130846,1.9995731204581166,3.438303497245494,2.1425135497104035,4.476358830573925,2.224320266746764,5.570622258851589,2.2449931312329126,6.690484708850361,2.205506498143055,7.805583810295772,2.107734395470079,8.88627237029591,1.9543776809838016,9.904049902601885,1.748893796230459,10.8319583617651,1.4954295980639112,11.644943506374068,1.1987576228888155,12.320183523862655,0.8642160274523437,12.837386698550745,0.4976523527954499,13.179060001601568,0.10537117471269754,13.330750533497016,-0.30591436577815434,13.281261763301739,-0.7291272157298574,13.022846490915072,-1.1568673568357049,12.55137841473151,-1.5814491901535725,11.866504123125429,-1.994935530063272,10.971777248830211,-2.389168396788704,9.874776434872741,-2.7557968082930424,8.587208662930907,-3.086301778162356,7.124999392911216,-3.3720187272484994,5.508370858773536,-3.604157514263753,3.7619097622509687,-3.7738202850214404,1.914625504785291,-3.8720173323068416,0.0
80,2,-0.7623285986666667,2.1476156976458336,-0.724622684997672,2.232435266335005,4.97315344747903,5.007169523064406,5.7236485589970325,8.592315090551642,-0.0,-0.0,-0.19542809494636662,-0.05459283281376815,-0.2665815891851589,-0.17472279704693217,-0.2393772569643352,-0.30478977465891316,-0.138234625519451,-0.4017864682224763,0.014128708067337913,-0.4344981460931531,0.1968883285239133,-0.3826032073675011,0.39128629381243674,-0.23568243121445454,0.5807824256582316,0.007853075253632831,0.7511802062631276,0.3419033519846845,0.8907246625008709,0.7538770978954186,0.9901704796744363,1.225930736844878,1.042819490631968,1.7362339009416823,1.0445275884999459,2.2602459939188635,0.9936819707600301,2.7719887389094335,0.8911504021818826,3.245300267763044,0.7402048545865976,3.655057325481867,0.5464224212386897,3.978353483067791,0.3175668003910432,4.195622806258888,0.06345389236901526,4.291700143449886,-0.2041948382653302,4.25681100083879,-0.47190760861273034,4.087485797633129,-0.724622684997672,3.7873950768994664,-0.9458506223740683,3.3681039352592483,-1.1178354368951495,2.849745484403913,-1.2217121366198704,2.2616145375648333,-1.2376584302865064,1.6426839037314067,-1.1450388409666483,1.0420466608492729,-0.9225398533863362,0.519288564813635,-0.5482951069161319,0.14479533984702353,-0.0,0.0,0.44801460024958967,0.1133681054093576,0.8591205170333183,0.44185486855521144,1.2259268110795405,0.9650974330843407,1.5424672887406297,1.6593965208979102,1.8041293842575623,2.498411219542185,2.0075792066335088,3.453817184508437,2.150684273838189,4.495926727314465,2.232435266335005,5.5942699740000394,2.252867942366167,6.718136897104266,2.2129861744037567,7.837080549288124,2.1146868936893575,8.921382262841776,1.960687570645258,9.94247993239284,1.7544567149014818,10.873360775359647,1.5001477506225305,11.688920173877145,1.2025365109027228,12.366288351117246,0.8669624988469767,12.885126732129446,0.49927398177463994,13.227895892237605,0.10577691770670558,13.380097011874033,-0.3068123413253948,13.330488742156989,-0.7314106679143884,13.071281346517432,-1.1606082319620026,12.598309925576142,-1.586705184229735,11.91118845990882,-2.0017451249086977,11.013446322312555,-2.397545542498285,9.912648821090972,-2.7657254142839256,8.620503241537149,-3.0977301615204036,7.152951756538109,-3.38485415089702,5.530252480930521,-3.6182609297116355,3.7770498493911746,-3.789001376035484,1.9224354053969064,-3.888029937536219,0.0
81,3,-0.7586769622638889,2.1515452497777776,-0.791779463309493,2.2418835403497854,4.986792064177724,5.004219965347212,5.696231663617145,8.608036688284152,-0.0,-0.0,-0.1588431242925476,-0.04504537244877378,-0.20276736376153143,-0.1396980516924215,-0.1570399171164956,-0.2328799099528064,-0.045287629114362876,-0.2857439264753594,0.11067835497747844,-0.27080957449578463,0.2910218571968647,-0.17101441658063501,0.478021753275246,0.021309258371230287,0.6561902649758427,0.3055224902944461,0.8123674165005089,0.6738209626760798,0.9357902383786275,1.1124172778767807,1.0181359552121598,1.6027513484647053,1.0535390473251114,2.122715842095681,1.0385827053209273,2.647883721262508,0.9722657782142246,3.152725326546611,0.8559468314640789,3.611803134335761,0.6932673666832236,4.00093324057265,0.4900566005854874,4.298303738302893,0.25422045212432287,4.48554142239215,-0.0043824565887477535,4.548719622319877,-0.27407491461306943,4.479301386781674,-0.5415024999357403,4.275013677876922,-0.791779463309493,3.9406496378701346,-1.0086365196152005,3.4887973329238715,-1.1745681592101096,2.940494626641103,-1.2709773424217023,2.3258109687408974,-1.2783157182918519,1.6843578840076667,-1.1762178020192326,1.06573080317237,-0.9436278434189046,0.5298855856703639,-0.5589184115170712,0.14745364446896755,-0.0,0.0,0.4543657610318559,0.11506201956464295,0.8695424054135223,0.44782638672511327,1.2386240854699073,0.9769144110976119,1.5560579418159222,1.6778353438990008,1.8175790832605165,2.5236467909022537,2.0201420710106333,3.4855816857798856,2.161850175936014,4.533640398768041,2.2418835403497854,5.637147155867857,2.2604272352523793,6.765270474442233,2.218600064434519,7.887507781535742,2.1183848316391316,8.974134772901522,1.962560658806353,9.996620396436787,1.75463782424112,10.928008607536903,1.4987954806920816,11.743268250634438,1.1998225156028406,12.419612576278507,0.8630617295109049,12.936790012190942,0.49435743365849405,13.277347875527346,0.10000650396933987,13.426870747678453,-0.3132871249659267,13.374195237728282,-0.7384545861309725,13.111602841152916,-1.1681009218983451,12.634992561102676,-1.5945407640305513,11.944034904812485,-2.0098309948361694,11.042308801021566,-2.405800546809796,9.93742290897782,-2.77407750732427,8.641122708432322,-3.1061136998787475,7.169384675347821,-3.3932069147845008,5.542498761815506,-3.626520960664862,3.78514031250239,-3.7971037043534537,1.9264324651276452,-3.895903261217569,0.0
82,3,-0.7704247917222222,2.1277828051111114,-0.7646824174137036,2.2313984680130856,4.985019047852237,5.005578940812955,5.784435683862664,8.512966414714441,-0.0,-0.0,-0.16536756895566726,-0.046678013534757805,-0.21555409531015216,-0.14617834657829804,-0.1754289134597316,-0.24718879671199837,-0.06830742170541414,-0.310450816268651,0.08422285038077189,-0.30793859260606704,0.262463191320311,-0.22195426428139345,0.44874836630060533,-0.04414660387178365,0.6275720281723776,0.22553793103521205,0.7856903805511848,0.5799615088067507,0.9122021370402839,1.0059472095145492,0.9986034300609027,1.4854650704863543,1.0388169711912278,1.9968391644749734,1.0291954243829295,2.515962799204372,0.9684995961667484,3.0175090696796127,0.8578526470682999,3.4761244490070875,0.7006720634123137,3.867593842448591,0.5025815805349707,4.169966515751603,0.27130560448683927,4.3646334975044345,0.016548932528861547,4.437348396470043,-0.25013527848536593,4.379185016516708,-0.5154862989710465,4.1874266423332385,-0.7646824174137036,3.866383359841148,-0.9814905117082756,3.428135222059497,-1.1484159745196114,2.893200436232554,-1.2468506173189025,2.291129000442314,-1.2572164680724518,1.6610233343384133,-1.1591036922643512,1.0519884131730088,-0.9314011922711,0.5235147183281397,-0.5524187638260406,0.14579795878482,-0.0,0.0,0.45004202471007393,0.11393003131075288,0.8620402678219552,0.4436935012231497,1.2289337937657008,0.9684452746706195,1.5450238815824409,1.6641528367727974,1.8059106523687212,2.5042617609920166,2.00842553503627,3.4603283901509667,2.1505609525914084,4.502618000782636,2.2313984680130856,5.600667376973178,2.251036479707703,6.723811302256757,2.2105184066065484,7.8416729855712815,2.1117621564878726,8.924618870476166,1.9574915313895431,9.94417863835585,1.7511700935200831,10.873431510223417,1.4969378955994257,11.687360183089785,1.1995513721140867,12.363173911452467,0.8643265930318236,12.880602368440956,0.4970859990953105,13.222162000805751,0.10410866753993142,13.373396633434151,-0.30791590168397853,13.323094088344458,-0.7319305371974749,13.06348056570123,-1.1605497813868593,12.590394495408361,-1.5860960356127705,11.903441511870232,-2.0006326136226678,11.006132135640994,-2.395993866836698,9.906003667463777,-2.7638125550430614,8.614727715685378,-3.0955446412056293,7.148204689794865,-3.382491690391564,5.526646503012189,-3.61582105102167,3.7746486371851655,-3.786583992395651,1.9212526351253711,-3.88573196632611,0.0
83,3,-0.7263510802777778,2.172666238423611,-0.7886004102936375,2.263588842334992,4.98391491372106,5.007019566230815,5.453525318647638,8.692538859537555,-0.0,-0.0,-0.17001085232448543,-0.04796758816664942,-0.22192320762820134,-0.15033484061375754,-0.18100999126815684,-0.25442808465839895,-0.07106580851592136,-0.31984899612052387,0.08579190291620951,-0.3176853401580762,0.26931009287048213,-0.2296250016785486,0.46127116146819186,-0.04698026220612928,0.6456436853219422,0.23036853489016573,0.8087091572921875,0.5950988245432361,0.9391617753047199,1.0336283997453417,1.0281791245202272,1.527340680765798,1.0694624884408586,2.0538377661365974,1.0592464526563428,2.5882059569857785,0.9962783827402043,3.10427850899873,0.8817692202515937,3.5758808758408023,0.7193178081180527,3.9780446263783547,0.5148115969943812,4.2881774895860705,0.2763070752843259,4.487178536142662,0.01389359560533996,4.560489266398606,-0.2604555618656451,4.49907325937312,-0.5330410355689952,4.300318967108592,-0.7886004102936375,3.968862139472904,-1.010472941431278,3.517326172134555,-1.1807628259005867,2.966980332451014,-1.2804982707815737,2.348317294898435,-1.2897840512176508,1.70155268315012,-1.1879457051747362,1.0770503563062424,-0.9536639631925841,0.5356779897285991,-0.5650984391294611,0.14909809365072516,-0.0,0.0,0.45954376876724157,0.11637057845215878,0.879441245243109,0.4529278007124836,1.2525909893304563,0.988012658376136,1.573308685149003,1.6967726457389105,1.8372540987353994,2.551852254683472,2.041354268040369,3.524045934910498,2.1837245381417154,4.5829120476755145,2.263588842334992,5.6973470946650755,2.2812004193778823,6.8361201511568845,2.2377639549817596,7.968367976750279,2.1353599463064628,9.064051723054249,1.976871914864186,10.094376513047102,1.7659169377363002,11.032175439881566,1.5067798301610493,11.852259732866978,1.2043511943371121,12.531736974569338,0.864069449057015,13.050299334605452,0.4918668714370194,13.390483821501334,0.09411961415429175,13.537906552040557,-0.32239839232235706,13.4814730052059,-0.7505577846433655,13.213566171676609,-1.1829125217045395,12.730214435629517,-1.611735234874108,12.031240938253447,-2.0290493723469396,11.12039607611707,-2.4266583444513503,10.005474685829626,-2.79617187938367,8.698419362166849,-3.1290297973973966,7.2154112523083285,-3.4165234068390253,5.576949565862319,-3.649814718382187,3.807920940332355,-3.819953665023286,1.9376597056407987,-3.9178935054128456,0.0
84,3,-0.7382191886736111,2.1636256095000004,-0.7553579913310787,2.2478611759722136,4.984278301746748,5.004886471332318,5.54263240663652,8.656368546378841,-0.0,-0.0,-0.17378894646370233,-0.04888141876378825,-0.23008350499972935,-0.1542138152027169,-0.193872249216621,-0.26355560960731056,-0.0886467576632826,-0.3365930268242278,0.06378035177466283,-0.3443457167019302,0.24344610639687697,-0.26828405387474613,0.4323928769264048,-0.09936469200126567,0.61480565263955,0.1630072611279713,0.777127860318424,0.512079458282788,0.9081532205288865,0.9349055383157465,0.9990917635987864,1.4135378837751786,1.0436088314781182,1.9262466665314284,1.037836637968712,2.4487515359573657,0.9803587134019003,2.955452279288663,0.872168285290388,3.4206451300795626,0.716602310715839,3.81971209567746,0.5192534508360044,4.130271680421642,0.2878627409930972,4.333280647242803,0.0321960472285639,4.414077926842429,-0.2360923945806051,4.363363385904296,-0.5036059855356392,4.178105837993605,-0.7553579913310787,3.8623763597440313,-0.9749268189328888,3.428104603259275,-1.144611412712783,2.8957573242678336,-1.2455841505311191,2.2949397352326697,-1.2580389768642037,1.664921514715655,-1.1613328924361797,1.0550903408196513,-0.934119309058472,0.5253366594165781,-0.55447215828634,0.14637404785509972,-0.0,0.0,0.45225712022912823,0.11447044564855884,0.866697493299124,0.44594626929967407,1.236091621786905,0.9736525045491004,1.5546001539995253,1.6735495972670982,1.8177082285216173,2.519012277471389,2.0221555181826956,3.4814744618786486,2.1658634840347615,4.531038421571122,2.2478611759722136,5.6370471613164215,2.2682107391265243,6.768619581027057,2.227933610329614,7.895148525481658,2.1289382215556394,8.986762278337878,1.973949870815275,10.014750425299905,1.7664432778348838,10.951955305165784,1.5105782133729309,11.773130493397785,1.211138477772755,12.455267928334761,0.873474406256826,12.97789540281809,0.5034489949881387,13.323346211292838,0.10738767217400387,13.477002771470739,-0.3079683186428013,13.427516036996051,-0.7355050017085842,13.167002489243114,-1.1677753328577827,12.691220447765623,-1.5970355850935976,11.999727374735317,-2.0152786163352565,11.096019773044178,-2.4142641925847887,9.987657194090778,-2.785546547288863,8.686371782562167,-3.1204993608086102,7.208164694186658,-3.4103383435135837,5.573390630444409,-3.6461416028293643,3.806831643159484,-3.8188679692331626,1.9377612729882732,-3.9193734492550814,0.0
85,3,-0.8044122366527778,2.1471276895763887,-0.7792509800641307,2.248158205031921,4.984140046248986,5.006333802045861,6.039617229643588,8.590362637371122,-0.0,-0.0,-0.16897374605655027,-0.047684861725381784,-0.22046712568431073,-0.14940132646539483,-0.17980181709034904,-0.252800897743422,-0.07073600448383874,-0.3178127542232482,0.08471571088951046,-0.3158165480747918,0.2664501775336536,-0.22872806144989932,0.45642776102689825,-0.04800473499800694,0.6388053038638872,0.22642019093736904,0.8000470657053969,0.5872646216398432,0.92901124458344,1.0210740066075679,1.017010291737184,1.5094345077693272,1.0578439203253291,2.0302095293578146,1.0478044417719303,2.558785833725402,0.9856548098493025,3.069315471034552,0.8725804773600676,3.5359401236072983,0.712116840187005,3.9339851885659867,0.5100546288380203,4.241111960195284,0.27432608437853734,4.438417577645592,0.014875106963546224,4.5114739153474055,-0.25648521773459315,4.451298247550304,-0.5262242266576476,4.2552502471369795,-0.7792509800641307,3.927851616333661,-0.9990739726666955,3.4815263323789107,-1.167960228784034,2.937261071913642,-1.2670910850946966,2.325186811185316,-1.2767123459678427,1.6850838536803938,-1.1762769065191745,1.0668135925150655,-0.9445783566065821,0.5306811627500735,-0.5598744867830352,0.14773377947467506,-0.0,0.0,0.4555432840367333,0.11534709800859558,0.872020767769003,0.4490241878589143,1.2423573109028185,0.9796699373399804,1.5608759958406069,1.6827378068560512,1.8232282313246577,2.53117788753503,2.026319873987859,3.49608272676589,2.1682349293165935,4.54729554817338,2.248158205031921,5.653980006970185,2.266298098055005,6.7851512601531,2.2238105079233863,7.910168674248277,2.122724690061264,8.9991909444197,1.965871695501743,10.023594763166008,1.7568158920289443,10.956358461553105,1.4997899266590502,11.772412258944321,1.199633371411014,12.448956906945046,0.861735193219884,12.96575260828925,0.4919801038800645,13.305380139928406,0.09669877596623255,13.453476119443003,-0.3173781455745528,13.398944332266886,-0.7431623504987119,13.1341449905747,-1.1732466366628385,12.655063728770239,-1.5999403214644572,11.961462060313293,-2.0153014792806365,11.057010930405259,-2.411166202549311,9.949408902406875,-2.7791750884693056,8.650486415756033,-3.1107971533159824,7.176297452000587,-3.3973513730000127,5.547199845281524,-3.630026042529753,3.7879253756863447,-3.7998961391475796,1.9276406894673375,-3.8979388646624415,0.0
86,3,-0.8283107015902778,2.177318299784722,-0.7597407122018811,2.240897368577723,4.986631097546178,5.004974041865362,6.219049582884704,8.711151117344695,-0.0,-0.0,-0.17784780929448554,-0.05000469425260273,-0.2358925890285074,-0.15788810571214065,-0.19969141278270233,-0.27019821007595934,-0.0932569545337136,-0.34588362427919206,0.06113400840304352,-0.3554730584343947,0.24311864841165648,-0.2801622091595599,0.4344087322784179,-0.11081582005564318,0.6189302727980653,0.1531054714111769,0.7829391244552799,0.504682213878703,0.9151101052022386,0.9307244873560072,1.0065979668184946,1.412997825037127,1.0510693388492303,1.9294723829577969,1.044705598006314,2.455580797811105,0.9861774270269659,2.965470353632891,0.8765925864457955,3.433235652870476,0.7194190956335088,3.834118921538885,0.5203865781323354,4.145666321249923,0.2873689510752334,4.348830130478337,0.030251918529250292,4.429008323469258,-0.2392111377615923,4.3770148445410335,-0.5075512827951083,4.189975676344106,-0.7597407122018811,3.8721475662859226,-0.9793507779163313,3.4356579476442763,-1.1487084591644605,2.9011661233906714,-1.249048762177844,2.29844713593708,-1.2606609462336098,1.666900901708819,-1.1630268995900164,1.0559901342104656,-0.9349504070341303,0.5256113122423777,-0.5546764451404287,0.14640347920136712,-0.0,0.0,0.45200393650501286,0.11442340770706715,0.8658412753770389,0.4456347213790835,1.2343684503421117,0.9727052391138392,1.5518362949505626,1.6714859268012907,1.8138194197583566,2.515287136301188,2.017142217060431,3.475522103290274,2.1598029731860238,4.522312916862581,2.240897368577723,5.625058343021903,2.2605424495318704,6.752963474955735,2.2198019682501453,7.875531677635677,2.120613813788042,8.96301969848541,1.9657200982068115,9.986857136884476,1.7586003211660413,10.920031711429022,1.5034079127942395,11.737441943904132,1.2049103486621435,12.416219001627006,0.868432941234113,12.936019513702936,0.49980633809441866,13.279291209791811,0.10531769712082956,13.431513229550024,-0.30833453891867424,13.381412923589401,-0.7340823826870517,13.12116091840707,-1.1645266993007766,12.646546153348487,-1.5919724213244972,11.957132521599377,-2.008460755844385,11.056398663106062,-2.405798565085977,9.951862368225152,-2.7755851049643905,8.655190959275197,-3.109236305345194,7.182298924991227,-3.398006772431926,5.553433991734657,-3.6330096882412906,3.793252726391634,-3.805234775133824,1.9308866801071758,-3.9055644852941147,0.0
87,3,-0.8277589177708333,2.2182450989861113,-0.772975528413534,2.288192938358836,4.986426857082223,5.003797095704856,6.21490672812553,8.87489361316066,-0.0,-0.0,-0.17866552301446512,-0.050222907087606905,-0.2371064968745546,-0.15863519672894924,-0.20074108842687605,-0.2715365483013947,-0.09351080743746476,-0.34757475358267104,0.06231204939129587,-0.35695888636074863,0.2463062175754136,-0.2805787097890746,0.44006857977991537,-0.10903668885527139,0.6273628497829075,0.15839909530095186,0.7942464770507887,0.5149110580943949,0.9291729302692381,0.9473056275153631,1.0230671370099707,1.4372312693989613,1.069372564557205,1.962427190279132,1.0640691950480496,2.497988318856248,1.0056624436451589,3.017631992153476,0.8951438564278015,3.494951994842842,0.7359251700763184,3.9046462073926795,0.5337479856055418,4.2237050810322945,0.29657187527083295,4.432549430186697,0.034444183576068856,4.5161075586141575,-0.24064491403110658,4.464823447590426,-0.5149183734416938,4.275589561759993,-0.772975528413534,3.952599698565093,-0.9979590013872187,3.5081191515404826,-1.1717218910037597,2.9631712140498907,-1.2749921753900968,2.3481406656087427,-1.287531667006763,1.703296316618146,-1.1882872964540698,1.0792359103858071,-0.9555329646470121,0.5372576774729485,-0.5670006629278603,0.14966360216036823,-0.0,0.0,0.4621303408958976,0.11698524023543087,0.8852352410173945,0.45561771243582155,1.261936022274284,0.9944784293877001,1.5862989716276545,1.7088231245322616,1.853764677387445,2.571287309550983,2.06107251928324,3.5525547114477276,2.2061820667435037,4.621987112713874,2.288192938358836,5.748214445563303,2.30726446584639,6.899684715442703,2.2645362967252036,8.045173948223164,2.1620508682875044,9.154256871745293,2.0026784964797013,10.197739460826776,1.7900456505443465,11.148054802727609,1.5284668298653872,11.97962398609869,1.2228803243682922,12.669183890076354,0.8787880240774202,13.196083861127525,0.5021993463346541,13.542553323021801,0.09957926953639654,13.693942378949492,-0.3221996014797481,13.638937442673624,-0.7559010627864796,13.36975388523438,-1.193965592939366,12.882307611776547,-1.628547076686406,12.17636739531232,-2.051546176180552,11.255689695570277,-2.4546405650819163,10.128137585614569,-2.8293122449313177,8.805785300001585,-3.166872162388244,7.305009808572914,-3.4584823414328643,5.646570711675466,-3.6951757373555156,3.8556796472707386,-3.867874010072193,1.9620602992348724,-3.9674034036526127,0.0
88,3,-0.7339909407708334,2.268942500145833,-0.7721819455388642,2.331378676685084,4.988684825912916,5.00566701457701,5.510886247489212,9.077726943869656,-0.0,-0.0,-0.18346337219296383,-0.05146752384233737,-0.24554331869097853,-0.1632394821885819,-0.2115549260911543,-0.2810072555972244,-0.10540932510788888,-0.36277710521616413,0.050582991233318705,-0.3781187389985891,0.2358999335859241,-0.3073175940624655,0.43198259290903707,-0.14043631662031675,0.6223931472907811,0.12370708478130037,0.7929523488375297,0.4786350737503081,0.9318534990266936,0.9113694038011212,1.0297503922867506,1.4036405076437726,1.0798173706750251,1.9331339486256178,1.077780361607806,2.474759676484531,1.0219185365750627,3.001929456142458,0.91303700079231,3.487827850638211,0.7544116708439546,3.9066625327192357,0.5517081901367169,4.23488045417197,0.312877344073576,4.452337483759007,0.04802994636271714,4.543410487624613,-0.23070544165403215,4.498042414577592,-0.5093383356083587,4.312712700409769,-0.7721819455388642,3.9913271544854387,-1.002024837448478,3.54602337209074,-1.1803050145857183,2.9978895641360395,-1.2872830265158328,2.377596454050199,-1.3022110368659126,1.7259435103194287,-1.2034951731651566,1.094322221997545,-0.9688489223586948,0.5451003542818269,-0.5754358011283809,0.15193212367626668,-0.0,0.0,0.469678143131267,0.11887052811201647,0.9002078323848604,0.46314479723094903,1.2839098950100083,1.011265486161773,1.6145927344494482,1.7382102657680016,1.8874840657654899,2.6162188293347772,2.099156262602251,3.615484109866201,2.247447246532513,4.7048049794021765,2.331378676685084,5.852198648766451,2.351073002664216,7.025471817077114,2.307670737145025,8.192750350492853,2.203249095055944,9.322967895444291,2.0407429413546287,10.386314353504854,1.8238687949245513,11.354645566902928,1.5570524563951649,12.201855891824193,1.2453606656285112,12.904215579259729,0.8944370518712218,13.440675049517003,0.5104425167301765,13.793138246470138,0.1000000869223198,13.946707301100753,-0.3298558107512374,13.889900730476713,-0.7717257669410378,13.614847357057704,-1.2178876660889362,13.117458062346119,-1.660335025650711,12.397577395773654,-2.0908116281882956,11.459116950742933,-2.5008426922034217,10.310172300397479,-2.8817628352000786,8.963125160544731,-3.2247410834161085,7.434732319928064,-3.52080317839256,5.746202751701477,-3.760851422311107,3.9232641967945825,-3.9356822929025896,1.9962203915718266,-4.036002045619541,0.0
89,3,-0.7174643944444444,2.359388690847222,-0.7893487541132805,2.2911344451662656,4.9878489905741334,5.0043301590528975,5.38680308540966,9.439589715732582,-0.0,-0.0,-0.1757393225428205,-0.04951323486934934,-0.23090396589893683,-0.15565076731053115,-0.19124494075615658,-0.26462166908527635,-0.08099996750050913,-0.3351409353575251,0.07731095599112273,-0.3376212596073467,0.26307631482224936,-0.2532658165431628,0.457765701619415,-0.07307002157785095,0.6450803266284701,0.20325764684605888,0.8110780759197146,0.5684438409486893,0.94427054422795,1.0088541501117043,1.035690316875124,1.5057380395878213,1.0789276646386414,2.0364997995756737,1.07013670343547,2.575980187678528,1.0080119168414046,3.0977336877675783,0.8937367082416302,3.57528695335391,0.7309063121173768,3.9833650075630507,0.5254279299254604,4.299073076147281,0.28540135301574804,4.503023467879344,0.020983589144370794,4.58039861735298,-0.25575887597736674,4.521943197850817,-0.5310065649569983,4.324880029187091,-0.7893487541132805,3.9937462862848467,-1.0139472133467993,3.5411482061508677,-1.1866989750703285,2.988434051118858,-1.2883955201167956,2.366286482427177,-1.2988761555714377,1.7152367084772298,-1.197173761348211,1.0861037844308994,-0.9616514824702868,0.5403632509773024,-0.5701293285549704,0.15044991458356502,-0.0,0.0,0.4640443955061824,0.11749395394184077,0.888404739762074,0.457422058234429,1.2658274934636558,0.9980678018833723,1.5904912571434107,1.7144488266575495,1.857934972330848,2.5790152460306097,2.064982183394523,3.562311011691971,2.209662904104869,4.633596751709485,2.2911344451662656,5.7614332296458795,2.3096023707958757,6.914225204903785,2.266242569374594,8.060726012539268,2.1631252494775586,9.170503629406314,2.0031415112506963,10.21436935824803,1.7899329961433779,11.164770548966088,1.5278249865592544,11.996148994282931,1.221763211444017,12.685266793244088,0.8772545140065854,13.211501578416868,0.5003114530455104,13.557113058947047,0.09740083878403809,13.707482849162217,-0.32460385344709636,13.651329537954817,-0.7584662941751258,13.38090091392788,-1.1966274733264035,12.892145200774221,-1.631242400619293,12.184863081458364,-2.054213515624777,11.262842202696897,-2.4572210022405034,10.133975756591582,-2.831750208746687,8.810366637082655,-3.1691163765253036,7.308418567659073,-3.460486878814249,5.648915495514925,-3.6969011663128732,3.8570904476907577,-3.869288609725864,1.9626849479344963,-3.968484421001565,0.0
90,3,-0.7375151009027777,2.4117580834305556,-0.7746481594679742,2.327147882544017,4.992799140853588,5.005496466998658,5.537346036740407,9.649112454214167,-0.0,-0.0,-0.18835005774064723,-0.0527741602353871,-0.253375092357952,-0.16780224565116694,-0.22061991204972187,-0.28986009879586805,-0.11427086246296798,-0.3761652376429851,0.04305528720636092,-0.39564463724925375,0.2305149589274082,-0.3280986211260614,0.4292288887064894,-0.16326586142815075,0.6224559009536704,0.10020304193491901,0.7957448223831722,0.4558535823548633,0.9370605696868071,0.8906050193396079,1.0368811724205989,1.3859839466530361,1.0882633678621665,1.9193985935551523,1.086875384812613,2.46543775699023,1.0309965679388424,2.997177828559633,0.9214845292862464,3.4874814657880315,0.7617114956512493,3.91027204929448,0.5574724008299623,4.241769127065288,0.31686800974070933,4.461671512671371,0.050166927260659244,4.554276496865201,-0.23034927906408903,4.509525660581017,-0.5105534310385773,4.32396994551784,-0.7746481594679742,4.0016488505782775,-1.0053451571805305,3.5548807893069543,-1.1840443465338433,3.004963687074173,-1.2910094690787137,2.382786753492466,-1.305537109065624,1.729355988231073,-1.2061167103858534,1.0962373367289113,-0.9705797072270865,0.5459224922721166,-0.5762364351866335,0.15212314305681388,-0.0,0.0,0.46996773825556426,0.118959177592749,0.9004184353631813,0.4633728344028431,1.2837286756398396,1.011512519611241,1.6137772565110156,1.7382166373499341,1.8858696591380346,2.6156229336259957,2.096657285241831,3.613861822130102,2.2440534513159376,4.701708439943388,2.327147882544017,5.8471922579691995,2.3461211951776866,7.018163878652436,2.3021606078590797,8.182819335463742,2.197377886943125,9.310182769348307,2.0347303136144967,10.370548804710724,1.8179452648774737,11.335886291530267,1.5514488280596332,12.180205332143453,1.2402987197336992,12.87988968288475,0.8901216543441208,13.413996723883981,0.5070552040205808,13.76452723613585,0.09769410728428286,13.916667223961928,-0.3309590814613381,13.859003982680836,-0.7715391598019374,13.583718544127667,-1.2163594571399634,13.086756543956788,-1.6574492460293009,12.367979450688917,-2.086587619984136,11.431297982474977,-2.4953340803774537,10.284789417864186,-2.875056076495549,8.94080038496497,-3.2169537394377117,7.416036592023451,-3.5120820435158415,5.731640843727553,-3.7513706191036973,3.9132605730506764,-3.925641429326948,1.9911060093015325,-4.025624510239417,0.0
91,3,-0.7628843154930556,2.4348747283125,-0.7678865623069593,2.3493108244232705,4.989975842461431,5.005432819081063,5.727820943213149,9.741598971648262,-0.0,-0.0,-0.19204842934628208,-0.05372214663467859,-0.26014923078162794,-0.1713966723260238,-0.22974562170982707,-0.2974613323239296,-0.1249568375837502,-0.3887532870555265,0.03163110388659693,-0.413794628453005,0.21916809542296922,-0.35197472594396517,0.41873132422718695,-0.1926338553487021,0.6135006808024088,0.06594506037980648,0.7889138097144391,0.41762749960022244,0.9327968833002258,0.8495899979160842,1.035467808041781,1.343541421166398,1.0898093417466863,1.876988406829968,1.0913104740526702,2.4245294792487404,1.0380753627922383,2.9591617535066366,0.930800080137741,3.453584029472003,0.7727183598725206,3.8814804407564276,0.5695184072202171,4.218769640193778,0.3292335967938155,4.444805730324679,0.06211051094126921,4.543518723099215,-0.21954176244277673,4.5044841628501135,-0.5015168592133734,4.323913587021917,-0.7678865623069593,4.005559642961528,-1.0011821336596602,3.561531840402382,-1.1825774682222403,3.0130210181361474,-1.2920703111822163,2.390932569527786,-1.3086582083770097,1.7364302473648765,-1.210506360195711,1.1013939108049124,-0.9751050908713941,0.5487958577411574,-0.5794151994033788,0.15300139134438814,-0.0,0.0,0.47319260102696353,0.11975130675377904,0.90709382608194,0.4666351918501608,1.2938694615099025,1.0189823788787922,1.62721227290559,1.7515910999218358,1.9022691564703165,2.636472689810844,2.1155618151545466,3.643559044350732,2.264903086315409,4.741369245346518,2.3493108244232705,5.897633663836604,2.3689210016277684,7.079874744991542,2.3249014425478425,8.25594444795052,2.219367367194903,9.39451896109607,2.0552996850455854,10.465551841886972,1.8364667694726884,11.44068714762416,1.5673502486789765,12.293634438944578,1.2530751790023358,13.000507762367688,0.8993448196786947,13.540130863479805,0.5123801045113262,13.89431096002902,0.09886380426435779,14.04808342563536,-0.3341107077104946,13.989929710595606,-0.7790862371168829,13.71197076604691,-1.2282842950401218,13.21013815014941,-1.673643599412147,12.48432488744933,-2.1068548034127645,11.538518031576913,-2.519391714283636,10.380914752252254,-2.9025392699051693,9.024023634576821,-3.247418538210339,7.484752745257452,-3.5450089975267716,5.784485889449645,-3.7861683454834423,3.949148355353333,-3.961650071226416,2.009263323016707,-4.062119011211822,0.0
92,3,-0.80893472959375,2.5047208360833335,-0.8184101039938492,2.3711182092347776,4.9895070647437745,5.005582089419181,6.073572613516033,10.021043644395574,-0.0,-0.0,-0.1773078910141875,-0.04994102896886188,-0.23302162629083129,-0.15704861256431593,-0.19265745039794202,-0.266957264182409,-0.0803649025376944,-0.33772676397016327,0.08128300421747116,-0.3391061674356841,0.27149274657074635,-0.2516944129558376,0.4714414588497893,-0.06600219095338032,0.6644514564197794,0.21857780718824202,0.836143561460034,0.5948827833651703,0.9745651749545922,1.049162232555473,1.070289720500755,1.5623173457809498,1.1164849225392777,2.1111824301743756,1.1089483336079358,2.6698323255646117,1.0461095439785293,3.2108992572787227,0.9289995399142863,3.7068825402889147,0.7611886707402727,4.131435034133171,0.5486955905221733,4.460611209164041,0.2998703151640819,4.674063067528941,0.02525514794250673,4.756171893045842,-0.26257234452321465,4.697105795787743,-0.5491698860582057,4.493795175609768,-0.8184101039938492,4.1508204589908395,-1.052664852843382,3.6812086751098407,-1.2329901711883517,3.1071375492504196,-1.3393081861401268,2.4605477367549513,-1.3505827599325464,1.7836655465170368,-1.2449862091405068,1.1294399733952598,-1.0000549876479412,0.5618990539467268,-0.5928327821010122,0.15643147426785584,-0.0,0.0,0.4822892694552407,0.1221260358100834,0.9229927952879079,0.475349440718278,1.314516625677316,1.03691372548481,1.6507939870479176,1.7806502588604063,1.9272086983141161,2.6777230008854453,2.140512728027081,3.697333387108815,2.288739986992597,4.807382967924524,2.3711182092347776,5.975092394278147,2.3879805239073204,7.167576205065381,2.3406780705833974,8.352373610106076,2.2314947687155575,9.49793607788099,2.063565125230754,10.57407303518577,1.8407957565525694,11.55235737505593,1.567791115474798,12.406492760051677,1.249783750494261,13.112644911528418,0.8925692855685036,13.649739203457006,0.5024461910604011,13.999726943128195,0.08616032051292133,14.147822731583787,-0.3491458889026741,14.082715263973636,-0.7959797139089739,13.796753863409814,-1.2465401465419426,13.286112949407597,-1.6927558365801108,12.550936530739966,-2.126319232208598,11.595464688527672,-2.5387171870749774,10.428143883695576,-2.9212583053687564,9.061722787702085,-3.2650972941119223,7.513335200026213,-3.5612565848317184,5.804571482892401,-3.8006454763571433,3.9615398151145,-3.9740770376181374,2.0149184442020314,-4.072282994846161,0.0
93,3,-0.7744451487708334,2.3421412441666667,-0.7920428329580403,2.318469028872284,4.988308167964016,5.005095274013215,5.814620975176913,9.37058505323674,-0.0,-0.0,-0.17488695049144226,-0.04924350731023458,-0.23026895863630836,-0.1549761916522439,-0.19137616550854897,-0.26380786551032104,-0.0820232830853661,-0.33461798549246674,0.0755896806494112,-0.3377978382236368,0.26106767612314535,-0.2543951540890295,0.4559973431248141,-0.07516679021680514,0.6441059356397602,0.20045267196076377,0.8113985557653773,0.5654565201764399,0.946270373301606,1.0064339930026496,1.0395912081316148,1.5047876551715669,1.084760658826399,2.0379857585005543,1.0777328331865772,2.580834588310079,1.0170106312956195,3.1067555467725354,0.9036104054046338,3.589051920118148,0.7409986327413802,4.002150895096052,0.5350029518815446,4.322807391461337,0.2937005031142246,4.531257605681474,0.02728695980336803,4.6123117491407095,-0.25207006786443054,4.5563772376227165,-0.5303894329374149,4.360405471366493,-0.7920428329580403,4.0287572623100445,-1.0199254796883053,3.5739838489498528,-1.1956276033328384,3.0175222300003064,-1.2996036622838318,2.3903051968725646,-1.3113365168324143,1.7332879147309066,-1.2094942517847802,1.0978941671987719,-0.972077776824432,0.5463864266474139,-0.576557775702888,0.15216473659269397,-0.0,0.0,0.4695521326823831,0.1188790134229216,0.8991183151081343,0.4628792982464732,1.281252427454138,1.010083825991904,1.6099758302918297,1.7352221759504705,1.8807069140108317,2.610386927523439,2.090185246058349,3.6057133982946006,2.236392108500266,4.690020482461328,2.318469028872284,5.831411193679465,2.336635708593981,6.9978322683983265,2.2921085530260363,8.157592837772722,2.187020811754638,9.279842729098883,2.0243451516801705,10.335011415034131,1.8078193124764406,11.295208996296578,1.5418753363390971,12.134590888236833,1.2315727230431335,12.829688091692796,0.8825357377492686,13.35970507242944,0.500894992648994,13.706787359888995,0.09323333382050479,13.856261013417303,-0.33346400939139753,13.796846100675138,-0.7718551147920565,13.52084629611871,-1.2142830464723207,13.024316644109577,-1.6528137066245348,12.307211447543455,-2.079270068963463,11.37351414427562,-2.485263019006774,10.231350924746028,-2.862219035538429,8.893089729037142,-3.20140495065553,7.375426143442091,-3.4939500240376606,5.699457598181404,-3.7308655615060897,3.89074715134119,-3.903062299459389,1.9793780310878275,-4.0013657661597755,0.0
94,3,-0.7658102855972222,2.3622154908055553,-0.7939354363807719,2.3382296151610227,4.992090548332744,5.006053767008575,5.749789454691891,9.450899353656435,-0.0,-0.0,-0.17705764803513463,-0.04979782603384367,-0.23422892857873756,-0.15708299724253635,-0.1965774138476651,-0.2682304808388857,-0.08781227816603834,-0.34181677284633816,0.06991033262924909,-0.3478928847645185,0.2561798958832513,-0.2671593336677982,0.452513471922845,-0.09004730168311063,0.6425224808479584,0.18428757462763537,0.8120599893332392,0.5490501026944571,0.9493446302538361,0.990958384181834,1.045057882537418,1.4914520867731147,1.0924121923502808,2.027942153815606,1.0871882836441837,2.57508692157235,1.0277409426531556,3.1060790200579174,0.9149735191886641,3.593927315413512,0.7522823188769989,4.012718508136533,0.545472919093993,4.338843807114838,0.3026511877614554,4.55217730778627,0.034092387622486627,4.637194249653532,-0.24790781123794858,4.584019136812851,-0.5291963203150112,4.389395690665521,-0.7939354363807719,4.057572680197919,-1.024781337166207,3.6011017589178254,-1.2030643516466317,3.0415454530029566,-1.3089674102053461,2.410095327571667,-1.3216994922958694,1.748102055403001,-1.2196613626190724,1.1075205872256348,-0.9806013934916283,0.5512748513560909,-0.5817597856174846,0.15354738283666614,-0.0,0.0,0.4739136977224472,0.11997994088490617,0.9075052038910042,0.467184626573992,1.2931840761167843,1.019491352360293,1.6248624753432832,1.7513606702063387,1.8978834700390015,2.6345700747584635,2.1089430150300794,3.638910171638301,2.256007632429608,4.732840680349434,2.3382296151610227,5.884104586998006,2.3558613513508373,7.060299617128923,2.3101701405769,8.2294069413175,2.2033546489374833,9.360277655359369,2.038463935655349,10.423078096301692,1.8193197842367426,11.38969547130737,1.550442889316725,12.23410559659009,1.23698328816071,12.932704777837513,0.8846552841741121,13.464608021758933,0.4996769886316836,13.811915860943417,0.08871450543262581,13.959952111168223,-0.3411692992146773,13.897474871234964,-0.7825615662334425,13.61686302920256,-1.2277419270676244,13.114280463571243,-1.668720913253798,12.389820030690013,-2.097274530297812,11.447629316627598,-2.5049752501079765,10.296020008283067,-2.883219684262894,8.94756260907407,-3.2232532018293956,7.419168092798056,-3.516191751651083,5.732157958160227,-3.7530411411955185,3.9123240183148993,-3.9247140132094476,1.9899791363263206,-4.022044748464864,0.0
95,3,-0.7837388552361111,2.3239235629930555,-0.7897053916073835,2.3589741152662,4.992096576159096,5.005882836047199,5.884399164937556,9.297698615949816,-0.0,-0.0,-0.1794932777816074,-0.050413656964494,-0.23883120915094944,-0.15947348384486515,-0.20290727466202838,-0.2733751073865676,-0.09531556931222752,-0.35044446977331295,0.06185040605882896,-0.3604377327824032,0.24819422378627887,-0.28374156670153117,0.4452035788647952,-0.1104773598145329,0.6364232085208408,0.16048475767198117,0.8076091772481169,0.5225938718380154,0.9468604160469416,0.962757859906007,1.044723984217492,1.4625422981719751,1.0942712639880565,1.999414832988698,1.0911431674341856,2.548019962767056,1.0335633877943626,3.0814684543709507,0.922319714243969,3.5726253797044087,0.7607143996522197,3.9953810121666646,0.554485476233027,4.3258895474199965,0.31170171147086917,4.543761765022655,0.042634552023194244,4.633199264001798,-0.24038910720449141,4.584059708918164,-0.5231491801501877,4.392844526958198,-0.7897053916073835,4.063602611395076,-1.0225767797307208,3.6087457249183865,-1.2029236427808825,3.049773377339661,-1.31072818895413,2.417906906251382,-1.324970561774872,1.7546342598702562,-1.2237973956900763,1.1121685267458055,-0.9846805776939345,0.5538245504341903,-0.5845644237759866,0.1543189960473052,-0.0,0.0,0.4767212983832103,0.12067002628091247,0.9133248730348408,0.4700262422461028,1.3020696643743197,1.0260100081349866,1.6367304475934132,1.7630738698763913,1.9125275615886657,2.6529222383817572,2.1260498345489243,3.6652151410697758,2.2751728034385934,4.7682321764549265,2.3589741152662,5.929494799899836,2.3776477711359973,7.116345956340416,2.3324186406379166,8.296486848000683,2.2254584431598357,9.438471280884292,2.0598041712677855,10.512158576242896,1.8392797246100083,11.489126468421228,1.5684213344121716,12.343045746793171,1.2524071906565724,13.050018646665102,0.8969915373935677,13.588883162513776,0.5084433762771803,13.941485557435433,0.09348981357717696,14.092923385687651,-0.3407359997012899,14.031761340658019,-0.7867424530099753,13.750222197701609,-1.2367227575111228,13.244355048382538,-1.6825941326843676,12.514182927110069,-2.1160331342594887,11.563831819388916,-2.5285073761148906,10.401642918370015,-2.911303907161404,9.040269867661886,-3.2555545058958617,7.496762597187482,-3.552258151661955,5.792639228246507,-3.7923009239263936,3.9539473962099905,-3.9664735701236036,2.0113162162025175,-4.065486969736078,0.0
96,3,-0.8141798402083333,2.2931390090416666,-0.7927263707342124,2.3143134836591392,4.990078916961214,5.005382913823339,6.11295349187144,9.17453384873268,-0.0,-0.0,-0.1622718586720482,-0.045863355599124266,-0.21007535280491044,-0.1432007117244856,-0.16783125486282036,-0.2409386906608517,-0.05853625389674254,-0.2998657081507765,0.09641261510562292,-0.29187579357089316,0.2773858280838467,-0.19912640125732609,0.466677885714381,-0.013114979429901402,0.6486489754260866,0.2663191467534677,0.8098485272296106,0.6320593251695343,0.9391177919506057,1.0708327702892104,1.0276690690564774,1.5643772953812733,1.069139805245499,2.090641437039599,1.0596204481319533,2.625005099814478,0.9976556413684894,3.1415074654458577,0.8842190560729447,3.6140688819048434,0.7226628364699392,4.017693767347096,0.5186432657452668,4.329642212910647,0.28002480619169895,4.530558912092553,0.016765116578745645,4.605549238140215,-0.2592160132517614,4.545193681455004,-0.534180650949619,4.346493388833166,-0.7927263707342124,4.013741156693679,-1.0179463072695996,3.559313864411292,-1.191592464263259,3.0043839391503395,-1.2942393175046727,2.3795489743556164,-1.3054450094342773,1.7253800423115835,-1.2039077399795988,1.0928905174588803,-0.9676152993149253,0.5439283406036367,-0.573986046546997,0.1514955921576308,-0.0,0.0,0.4676657612405361,0.11839120599184971,0.8957603461835074,0.4610623142171604,1.2768613783528588,1.0063113356828233,1.6049778986432495,1.7290853213604438,1.875489650632318,2.601681194270916,2.08507997734623,3.594414555891559,2.231663982488681,4.6762536906435255,2.3143134836591392,5.815416788209415,2.3331801426118908,6.979931132137551,2.2894180048143964,8.138153657819748,2.185106523221637,9.259252859804434,2.0231749841462756,10.313652526504425,1.8073291003338845,11.273438200856967,1.5419803909693035,12.112727611339771,1.232178832695,12.80800659325384,0.8835491414738398,13.338432230660507,0.5022309333294291,13.686105100793403,0.09482291317684544,13.83631260153186,-0.3316688447936441,13.777745395149346,-0.7698785346657081,13.502689014521469,-1.2121242444645262,13.007192657563811,-1.6504476893489441,12.29121714781258,-2.076650210399159,11.358763969272164,-2.4823252262030406,10.217987196960593,-2.8588873451185273,8.881290045483633,-3.1975983593925354,7.365407650419356,-3.489590349314369,5.691477584714381,-3.7258861272922035,3.8850994975762685,-3.8974172491178773,1.976385148896542,-3.995039813600945,0.0
97,3,-0.8035373215486111,2.2609538369652777,-0.7694059117193881,2.332795203066705,4.986582471475605,5.005056873473644,6.033048268982834,9.04576540099452,-0.0,-0.0,-0.1732043668304031,-0.048660748372159,-0.23018083014990534,-0.1538391421695532,-0.19500904659229204,-0.26349064712992126,-0.09048889097620384,-0.33729825482460235,0.0620423831087778,-0.345986811228613,0.24288932453059925,-0.27054667550670447,0.43416978235818715,-0.10136953903755008,0.6199746402409403,0.162698732682159,0.7865118106203105,0.5153813516770196,0.9222307786194919,0.9440611405476007,1.017924411762561,1.430927779876262,1.0668053235271993,1.9541696983194812,1.0645547723932172,2.4891973466734503,1.00934286158165,3.00988378092318,0.901819640184268,3.4898080694366698,0.7450775527594145,3.903487051826914,0.544586500456125,4.227581406638243,0.3081035238968905,4.44206280694128,0.045559763450330436,4.531330114219782,-0.23107212926385387,4.485264024017053,-0.5079265803777714,4.300211263549932,-0.7694059117193881,3.9798912777823987,-0.9983495422871609,3.5362202507784963,-1.1762077938466085,2.9900492208934337,-1.2832167109986474,2.371814895378924,-1.2985705988176797,1.7221034954315733,-1.2005893533434246,1.0921295209174269,-0.9668780873092591,0.5441326813690283,-0.574477011594972,0.15169737494842445,-0.0,0.0,0.4692141232523151,0.11874008372707184,0.8995998725255433,0.4627342233796494,1.283415385719523,1.0105700333884708,1.6143966699892538,1.7373360291150495,1.8876963482907512,2.6153456115647793,2.0998147137109147,3.614828417082309,2.2485250722095493,4.70458568670404,2.332795203066705,5.852607263619284,2.3527065893694807,7.026648698443882,2.309372878497549,8.194767720530216,2.204858833626268,9.325820013890572,2.0421008391433184,10.389914817121378,1.8248298314769071,11.358831349929615,1.5574973466580855,12.206397459024771,1.2452052101907398,12.908832179710958,0.8936392455431094,13.445054134269624,0.5090072458917559,13.796957842715365,0.09798133992704211,13.949660114626512,-0.33235521378467286,13.891718731362815,-0.7745568490291956,13.615325624647486,-1.220860240062859,13.116476718261765,-1.663224734992288,12.395120531877026,-2.093368871311177,11.455287556492696,-2.502803197046286,10.305202305437353,-2.882859638114005,8.95737982851653,-3.224717661724443,7.428708353981599,-3.519427488385663,5.740519597152296,-3.7579306025277153,3.9186481486887232,-3.931077805121209,1.9934812320101625,-4.0296450419066305,0.0
98,3,-0.7866882776736112,2.2910118765486107,-0.8001382376381374,2.3297690065815,4.98935061598604,5.005205141772175,5.906543759163455,9.166023484127074,-0.0,-0.0,-0.16257431999846125,-0.04596855052221911,-0.21003680061084545,-0.1433957861096476,-0.16695488825526356,-0.24092246086183847,-0.056485072740504266,-0.29912824102843644,0.09981416943916584,-0.2897791712243542,0.28216036674120076,-0.19498370626875597,0.4727119210892026,-0.006262863003475398,0.6557160501091119,0.2764579816745581,0.8176364064451089,0.6459263143777707,0.9472575173851077,1.0886978297845629,1.0357638348972726,1.5863177250961462,1.0767919076285017,2.1165348463397375,1.0664549464916595,2.654535033419124,1.0033398174334467,3.1741798377897195,0.8884772239736733,3.6492369877329356,0.7252865074859908,4.054589527060797,0.5194970702708462,4.3674114154395545,0.2790488976466653,4.56829850352112,0.0139750104139432,4.642345127915581,-0.26373108480772345,4.580158050681973,-0.5402597592378948,4.3788010365890715,-0.8001382376381374,4.042664963131618,-1.0263890645500817,3.5842599427809563,-1.200691099273808,3.0249274607465897,-1.3035403006769652,2.395471958994299,-1.3144078328843278,1.7367126008662324,-1.211893324708669,1.0999571106986645,-0.9738714355974768,0.5474005869151372,-0.5776302069571786,0.15245302919811513,-0.0,0.0,0.4705801963387755,0.11913035526376343,0.9013317992394823,0.4639338504579574,1.2848228939305875,1.0125774546380122,1.6150513972278635,1.7398720377205543,1.8873839843928413,2.617972297489445,2.0984891192898423,3.6170446088618915,2.246265737540635,4.705900239427375,2.3297690065815,5.852592119246747,2.3491344496835254,7.024974030991788,2.3055015780489034,8.191221694460163,2.200938030244204,9.320315755345446,2.0383650749823583,10.382487151828746,1.8214851944888464,11.349625725632066,1.5547123336756137,12.195653269465625,1.2431052768663091,12.896862464157488,0.8923045001635906,13.432223360781647,0.5084727445949085,13.783659210948597,0.09823946341235094,13.936293547578469,-0.3313507834812488,13.878670474590923,-0.7728859841743011,13.602950142678141,-1.2186304329406736,13.105081375214539,-1.6605646944378165,12.384953368706801,-2.0904219147106686,11.446528330989553,-2.4997206493501283,10.297956842235934,-2.8797944007825986,8.95167763295992,-3.2218180712950213,7.424503373269474,-3.5168315469523344,5.7376939619556415,-3.7557606309445157,3.917018695381529,-3.9294355439703943,1.992808586937008,-4.028607204829673,0.0
99,3,-0.7791210971736111,2.3063230630069445,-0.7971496287389571,2.3265558593942988,4.989995154514699,5.0068415247222875,5.849728519855564,9.22728143572633,-0.0,-0.0,-0.15506255016265,-0.04392390256422838,-0.1986414161739954,-0.13648874814914008,-0.15455898348760447,-0.22796283413495783,-0.0452462375597013,-0.28018464890207145,0.10841965347804083,-0.26582638916464174,0.2872719651817631,-0.16757758995329264,0.4740021869765052,0.022747473053375742,0.6532958670344581,0.30517341165984846,0.8119535568560505,0.6725916712870448,0.9389940786715472,1.1118446402836535,1.0257376418845148,1.6048564506033327,1.065866738192157,2.129799857996935,1.055463238034874,2.6622876745095816,0.9930206770734246,3.1765765762846345,0.8794313387143593,3.64677075673118,0.717948381578526,4.048012858349572,0.5141239011677134,4.357649901749933,0.275724424333274,4.5563625292358605,0.012625886555325188,4.629246770415418,-0.26330938798360204,4.566838683620446,-0.5383708134667267,4.366073583896453,-0.7971496287389571,4.031173082665437,-1.0226976549411164,3.574454778054687,-1.1966914134692785,3.0170610893738625,-1.2995983798383572,2.3896053674319058,-1.3108423330783108,1.7327349823327354,-1.2089650257003979,1.0976125472395366,-0.9717817275332693,0.5463177442282326,-0.5765285683501233,0.15217335019548195,-0.0,0.0,0.46985826255871377,0.11894112784614391,0.9000721200044255,0.463242640373844,1.2831567140350726,1.0111504098574593,1.6130589994549813,1.737527988544421,1.8851016237361555,2.614558839915643,2.095919198028682,3.6124185323513176,2.2433887263914576,4.699913536078494,2.3265558593942988,5.845084123922037,2.345558508293739,7.015769678001185,2.301549205571495,8.18013543568939,2.196617434800283,9.307160360705883,2.0337129846091564,10.367086394732823,1.8165712138916001,11.331829830298837,1.549640953132957,12.175355948366022,1.2380156135349338,12.874018387754592,0.8873679341776122,13.406864963485296,0.5038886695741539,13.755911833677292,0.09422940665072523,13.906388036867428,-0.33455039821756194,13.846952490910978,-0.7750321551342475,13.569885568421332,-1.2194827120703646,13.071257349252852,-1.6598948804017954,12.35107460470274,-2.0880240772765317,11.413408497281901,-2.4954212805155653,10.266504889878481,-2.8734625150876982,8.922879054074594,-3.2133751051447788,7.399396453797635,-3.506260933421333,5.717341161268264,-3.7431169516878615,3.9024733406104897,-3.9148531830092494,1.9850771131999811,-4.012308449805836,0.0
100,3,-0.8002374461874999,2.3615420659305553,-0.802676535207326,2.3393501868418527,4.9927360803910075,5.005777047047278,6.008272434928427,9.448205073333304,-0.0,-0.0,-0.15310500254721726,-0.04340573307816972,-0.19534656361322275,-0.13463451673572574,-0.15041312576578814,-0.2242307874201045,-0.0406151204324727,-0.27424542780152167,0.11327477858155276,-0.25750666578859555,0.2921761693327645,-0.15681228934675448,0.4788473078580329,0.0359534856716691,0.6580204397146333,0.320773698621083,0.8165232030807699,0.690516628289003,0.9433833729723938,1.1320104234848507,1.0299144546821473,1.6271654156351367,1.0697799683175095,2.1541339826184447,1.0590346904496106,2.6884968564518283,0.9961416231611245,3.2044640234607775,0.8819640296077206,3.6760778906185463,0.7197324880831534,4.078406213165296,0.5149875490566677,4.388712412464424,0.27549920474816647,4.587591362449424,0.011164970747574261,4.660059477318455,-0.26611109266430133,4.596588968020877,-0.5425556490543525,4.394077413595455,-0.802676535207326,4.056745267943972,-1.0294230606664356,3.5969555375968083,-1.2043527280278483,3.035951561196342,-1.3078009675920477,2.404510535338301,-1.3190506170467333,1.7435121048533533,-1.2164981145588305,1.1044229146979783,-0.9778136941819477,0.5496994593392459,-0.5800932551947757,0.15311282752602726,-0.0,0.0,0.47273284789123166,0.11967035687680702,0.9055364740021293,0.4660697011620344,1.2908709971427264,1.0172872877616648,1.6226399906069406,1.7480053913605698,1.8961353975880013,2.6302076487773247,2.1079741265346006,3.633857700048163,2.256028192849717,4.727544437476367,2.3393501868418527,5.879091085280045,2.3580957229315738,7.056126192582219,2.313444372123387,8.226615412701339,2.2075204084261917,9.359353650445986,2.043314519034375,10.424417779471257,1.8246074452453385,11.393580660892452,1.5558963425339085,12.240687632910605,1.2423244788219454,12.941996992601897,0.889614733369844,13.476486260798819,0.5040072172915824,13.826126216178812,0.0922012118410295,13.976124813256284,-0.33869848714728507,13.915143169393787,-0.7812308211329325,13.635485826732973,-1.2276233941848689,13.133267474392724,-1.6698332084191947,12.408558262228064,-2.0995833920576916,11.465509757106197,-2.5083961361872387,10.31246349253422,-2.8876220792121483,8.962043948293163,-3.2284663917879137,7.431237673439613,-3.522011821197425,5.74146013781134,-3.7592389540709354,3.918611767475017,-3.931043951327707,1.9931244911776478,-4.028254000361172,0.0
101,3,-0.7839789233402779,2.298088691298611,-0.8091278366711353,2.353836214420426,4.992114430249757,5.006045128119945,5.886201623169976,9.194336846818604,-0.0,-0.0,-0.16594182128939686,-0.046874326724722436,-0.2152854652154049,-0.14651529024986393,-0.17272326097107601,-0.24684974835966444,-0.06158032589919534,-0.3078171082860151,0.09637951288059811,-0.30063697463937905,0.2811401853726989,-0.20698147989302582,0.4746079230214752,-0.0180571848609099,0.6607697469267289,0.2663964453025839,0.8258321070841222,0.6391829958526803,0.9583363708807253,1.0867887146777577,1.049248479291942,1.5905735080576262,1.0920208099137891,2.1279998819011903,1.0826250732342613,2.673885604771691,1.0195558856420428,3.20166548602074,0.9038054724585454,3.684647687608419,0.7388107216325337,4.09725040912132,0.5303745025970181,4.4162055729243805,0.2865637597752167,4.6217172469413015,0.017587367698809774,4.698563921860496,-0.26434291672876603,4.637135345699796,-0.5451648538213644,4.434396345838875,-0.8091278366711353,4.094771870657269,-1.0389611241723833,3.6309492963661762,-1.2160447395568685,3.0645958114640637,-1.3205798217013447,2.426990360901081,-1.331755529615669,1.7595711627936816,-1.2279099679209262,1.1144011703248071,-0.9866830032367656,0.5545550180827983,-0.5851592597354921,0.1544319528605526,-0.0,0.0,0.4765371413617815,0.12064711737772187,0.9125192293167144,0.4697694729049697,1.30041008876281,1.0251429671312602,1.634144016112271,1.7611455960167248,1.909060400135389,2.649476649146505,2.121831922254285,3.6598415345158455,2.2703881542923283,4.760599480185821,2.353836214420426,5.919372233704139,2.372379967363463,7.103612667435379,2.3272390709335142,8.2811328952116,2.2205689846179495,9.420592110130467,2.055382873065222,10.491944865222186,1.8354761624926086,11.466850941005982,1.5653543447735052,12.319048281612645,1.250164474693665,13.024690740589728,0.895630672120282,13.56265256614694,0.5079938233380793,13.914801681415073,0.09395557464964005,14.066243886455098,-0.33937337393166916,14.005540133338396,-0.784520737289802,13.724899011372376,-1.2336959948072244,13.220346533720427,-1.6788297833324441,12.491875245901815,-2.1116095283551286,11.543574586916273,-2.5235115309189498,10.383744330267291,-2.905829742120787,9.024992819493407,-3.249701464336613,7.484321594803616,-3.5461302198287754,5.783197887247927,-3.7860060242633624,3.9476163371373163,-3.9601232959144315,2.0081511762190103,-4.059196621842937,0.0
102,3,-0.7872482774444445,2.3079903605694443,-0.817057194726208,2.377301270058011,4.992376941920685,5.008222696849227,5.910748300206484,9.23395206400606,-0.0,-0.0,-0.1615476664279149,-0.04567692453060456,-0.2085546155349024,-0.14246372008098065,-0.16512262059064295,-0.23916557085584952,-0.05405955392684582,-0.2963227001124735,0.10330316214587394,-0.28551771911696433,0.287289701484166,-0.1885923940537301,0.48005168758976324,0.0032235021809820376,0.6657287634732096,0.2902666105931579,0.8305939283681266,0.6654710450430029,0.9631798874051887,1.1154675230425308,1.0543830136870227,1.6217402067717175,1.0975420273601497,2.161829312620806,1.0884891376160832,2.710566254977511,1.0255721460280072,3.2413271470676905,0.9096468400537836,3.7272899360004854,0.7440398746495612,4.142680330124327,0.5344832051303621,4.463991993136907,0.28902195283870463,4.6711672183806465,0.01789831694683653,4.7487254248514885,-0.26658524318647414,4.686828281520159,-0.5502198660125276,4.482272001455386,-0.817057194726208,4.139399274323592,-1.0495852071735956,3.6709253421506696,-1.2289088712173677,3.098674785666726,-1.3349317055988594,2.454227598743247,-1.3465346317875975,1.7794750168599982,-1.2417489093136362,1.1270872746794478,-0.9979204265128494,0.5608969540964478,-0.5918631408599253,0.1562028187844239,-0.0,0.0,0.4819927715381591,0.12202989957306656,0.9228996106968211,0.4751364558356522,1.3150482522898306,1.0367947857115067,1.6522696943808033,1.7810221760122036,1.9298337731050883,2.679113991465507,2.144376677307545,3.700345262086674,2.2938225643816557,4.8126344663298495,2.377301270058011,5.983167066598493,2.395063904533805,7.1789773010208195,2.348397908121833,8.367487577327543,2.2395429127046564,9.517005544647072,2.0716085299851303,10.59717953561844,1.8484949711568814,11.579413577126582,1.5748172006305505,12.437243569090091,1.255833142583093,13.146676535269972,0.8973762955915752,13.686495067697656,0.5057929684598734,14.038529227516593,0.08788422953325692,14.18789824050481,-0.34914743845882146,14.123224345797473,-0.7977468670195333,13.836821131323418,-1.2500504664477092,13.324858628409624,-1.6979262267093684,12.587507349185216,-2.133009689221782,11.629063341149074,-2.546736146738071,10.45805620987095,-2.9303693413386775,9.087341928628994,-3.2750269353476273,7.5341821172809915,-3.571703028392446,5.820311335421455,-3.811287987233828,3.9719937997345425,-3.9845858446380067,2.020070804594407,-4.082329510505879,0.0
103,3,-0.7897109397291666,2.3538988497222224,-0.8071896270150017,2.363055771298849,4.990284132889821,5.00748744462651,5.929238244650257,9.417625616292083,-0.0,-0.0,-0.1498747214052831,-0.042530649295832446,-0.19030178183090188,-0.1316399222127368,-0.144592567219292,-0.21848375244953458,-0.034732519913759446,-0.26554893383889133,0.11877741421607058,-0.24595040146484806,0.2970753082610862,-0.14265012512765027,0.483085847529196,0.05239964846921466,0.661658049020872,0.3391846042910306,0.8196901995748739,0.7106223511768474,0.9462392303289688,1.1536151043259422,1.032611960884279,1.6501526236959538,1.0724359516692632,2.1784557632651564,1.0617080924480207,2.714149949364112,0.9988195197239247,3.231457083555207,0.8845559830785765,3.704393791450289,0.7220733537840271,4.107963640670232,0.5168485687913208,4.419330947098703,0.27660690759060996,4.618964086515616,0.011227085310528653,4.691736825171945,-0.2673738105057876,4.627977062785602,-0.5453730318769658,4.424453518287775,-0.8071896270150017,4.085292245415078,-1.0356434405723125,3.6228163959502293,-1.212122270334406,3.058304300246854,-1.3167537235977416,2.4226626505546687,-1.3285783632569184,1.7570132941124257,-1.2257208907646466,1.1131938130780386,-0.9855563692090503,0.5541736345841113,-0.5848688288251004,0.15438883089301494,-0.0,0.0,0.47688950712224465,0.12071189986692313,0.9137285328746788,0.4702061287456621,1.3028523072448972,1.026479813813942,1.6380485817989359,1.7640627261434965,1.9145067674437153,2.6547312569374952,2.1287576776580677,3.6681945348009948,2.2786057744504893,4.772748461741686,2.363055771298849,5.935894385713589,2.3822353553158755,7.12492003348238,2.3373156597504585,8.307441177346563,2.2304309579070973,9.45190328578915,2.0645988706075684,10.528043099525615,1.8436421906398137,11.50731067353271,1.5721132373406805,12.36325292970694,1.2552214693149024,13.071860174750555,0.8987649086525116,13.611877357694816,0.5090657698039119,13.96508207743464,0.09291054311370747,14.116531510690388,-0.3425053416711898,14.05478052385673,-0.7896282523880251,13.772073267624435,-1.2405925596665415,13.264510540457144,-1.687262447805068,12.53219515500745,-2.1212695223561417,11.579357458796958,-2.5340464446253472,10.414463054609477,-2.916856849841754,9.050304643819436,-3.2608218215627653,7.504079783137868,-3.556943201734904,5.797456206925584,-3.7961240154389007,3.95662622734204,-3.969186283246255,2.0123515864015546,-4.066886483676951,0.0
104,3,-0.8155307566805555,2.4070487568402776,-0.8108220330873155,2.3740599574304246,4.986849032286396,5.006706381308407,6.123096324152799,9.630271086099595,-0.0,-0.0,-0.1572675028727648,-0.04450437803930492,-0.20222902925202066,-0.13855600464452916,-0.15853847044481825,-0.2319651811337488,-0.04856781488907268,-0.286055873063003,0.10676515300980742,-0.2729816351748998,0.28816631731441267,-0.17495595398660022,0.47812838329492346,0.016600711979138687,0.6610841262208653,0.30199314299059876,0.8235461424897659,0.6742569670033254,0.9542296353853951,1.1202300428882446,1.04415502722729,1.62168031963753,1.0867275818452637,2.1564793617011015,1.0777917379794373,2.6998094468253395,1.0156584795151626,3.225391145295089,0.9011047793143999,3.7067176271521225,0.7373449204802089,4.118281652449042,0.5299742882648181,4.436781298679061,0.2868870010835173,4.642290971297838,0.018169473739982095,4.719385111491444,-0.26402735401290917,4.6582032260809125,-0.5456338642061029,4.455446367840739,-0.8108220330873155,4.115296927775078,-1.0421762393638503,3.6502554921840633,-1.2208706328124703,3.0818904901126336,-1.3268491527607569,2.441498334327327,-1.3390044888550252,1.7706736688764249,-1.2353525979670512,1.1217911141811707,-0.9931998065658509,0.5584014931719236,-0.5893000099394907,0.15554688898873684,-0.0,0.0,0.4802634927066415,0.12157726421147656,0.9199159464137528,0.4734864339853769,1.3112485663982931,1.0334316204606762,1.6480424511394764,1.7756372561314366,1.9255095478278492,2.671578697497636,2.140224697891323,3.6906809865268526,2.2900509207003883,4.800981857170017,2.3740599574304246,5.9697561177595135,2.3924499285384786,7.164099510457312,2.346461760769008,8.351471027207857,2.238295825264589,9.500193436487328,2.071030007916412,10.57991244087287,1.8485402154514499,11.562015441335964,1.5754241129489286,12.420011333429684,1.256928695709225,13.129873109481597,0.8988821241778804,13.670345297985234,0.5076300969891936,14.023218446441744,0.08997690493160189,14.173572957477054,-0.3468688024472144,14.109994630822564,-0.7953435967310799,13.824764256077094,-1.2475743282582588,13.314023552829818,-1.6954188478780716,12.577919674649424,-2.130502619470438,11.620730389607326,-2.5442514772003757,10.450971929358241,-2.927920797948361,9.08149136728568,-3.2726213668533215,7.529545248789373,-3.5693422141730826,5.81686605748892,-3.8089706962705585,3.969717963158985,-3.9823100838420977,2.0189431630768477,-4.080094907692951,0.0
105,3,-0.861907965625,2.4466085235,-0.855764552334909,2.384001088239911,4.991946094981688,5.006939265327088,6.471301606769046,9.788544272695148,-0.0,-0.0,-0.14457493458590492,-0.04127279109848863,-0.17842733488769627,-0.1261278495721087,-0.12551493215531986,-0.20524695098890794,-0.008423009850820597,-0.24095476869165827,0.15180585924380788,-0.20648996654922108,0.3358375962551859,-0.08519214115259789,0.526204512457064,0.13039230022001383,0.7074518358423041,0.4394805125613036,0.8662694243726926,0.8340932871014768,0.9916053861664987,1.3001565901678682,1.0747586204612551,1.8186547589316522,1.1094477143274317,2.3668241530660232,1.0918541691491364,2.9193749089791234,1.0206385704886352,3.449727586462503,0.8969290306112101,3.931250980745201,0.7242819942052507,4.33848722669389,0.5086162700873152,4.648350560527185,0.25812189848768424,4.841286724328799,-0.016853850848601803,4.902380978110185,-0.30394046243357953,4.822403984316647,-0.5888947815825871,4.598786396748665,-0.855764552334909,4.236514754594344,-1.0870610130056921,3.7489431799003263,-1.263936644574601,3.1585173276557477,-1.3663642799207099,2.4974089675921145,-1.373314023439914,1.808061417376364,-1.2629247796279914,1.1436477388208857,-1.012667620480198,0.5684451044901716,-0.5994987077541497,0.15813000732255988,-0.0,0.0,0.4867811789871467,0.1232973620524755,0.9309144072602764,0.4796646424659335,1.324967695267756,1.0458568643463169,1.6629925195721498,1.79528636560789,1.940460469980918,2.6987490749132212,2.1541918324503695,3.7251170054598197,2.302278203285908,4.841993463355795,2.384001088239911,6.016328481409855,2.39974826157554,7.214992922581636,2.3509294577026805,8.40531053500502,2.2398927530132036,9.555547973359475,2.0698427778452744,10.635363425686345,1.8447616861033855,11.616215001247173,1.5693336091566021,12.471730447974055,1.2488731357115477,13.178040084403046,0.8892581933313093,13.714075059494826,0.49686756172056545,14.061833204323557,0.07852312328278963,14.206614822652513,-0.3585631476384346,14.137230793307173,-0.8068375400658933,13.846185336020396,-1.2584484561945797,13.329835733417465,-1.7052859562529787,12.588531213550718,-2.139017235416416,11.626733087456264,-2.5511182940266464,10.453118111175954,-2.932902076373561,9.08066690717172,-3.275543358853618,7.526739140725882,-3.570100667094664,5.813137006569443,-3.8075354951120053,3.9661584426246383,-3.9787290890340685,2.0166413537048484,-4.074497044522238,0.0
106,3,-0.9009476026736112,2.469780565972222,-0.8790347940714733,2.399000266052778,4.996694974563033,5.006024994946961,6.764415577211542,9.881252428270294,-0.0,-0.0,-0.14699856592281318,-0.04201374838137176,-0.18041286352512143,-0.12807455273439733,-0.12495201809071313,-0.2076218729389174,-0.003924179634624461,-0.24210759607726975,0.16095602319483143,-0.20424721711751842,0.34975317371356585,-0.07717627900754048,0.5444855395691827,0.14648340917472613,0.7292840554391321,0.46564109161501815,0.8905318098170363,0.8718291616585244,1.016980463686305,1.3503593717648825,1.0998406162437402,1.8815308498873753,1.1328438483510177,2.4418762963996943,1.112274984889601,3.0054318004753884,1.0369739838321386,3.545015200591795,0.9083077408744712,4.033497838275262,0.7301129521857256,4.445054914034505,0.5086119653802337,4.7563804260985805,0.25230423666762425,4.947853814353865,-0.028163426007245317,5.00464688700595,-0.3201442360310538,4.917761308145186,-0.6091525544031475,4.684988796029287,-0.8790347940714733,4.311788147706113,-1.11214616032116,3.81207519069174,-1.28952944935185,3.2089236974706696,-1.391092402881784,2.535177122784572,-1.3957804811071624,1.8339726868312725,-1.281742345201419,1.1591807912839946,-1.0264858092686762,0.575763993429703,-0.6070225070627938,0.1600607626576726,-0.0,0.0,0.49199630785961385,0.12465363507435491,0.9401398847974494,0.4846788707077931,1.3371188151652331,1.056257778598147,1.6771142032419428,1.8122925243917731,1.9557291943127728,2.72313444233736,2.1699116135965695,3.7572759388230947,2.317872205093428,4.882002536469374,2.399000266052778,6.064003315900494,2.41377826759114,7.269938859442032,2.363696837926194,8.4669665429231,2.251171270137768,9.623223656223397,2.079460508135072,10.708269361717605,1.8525893678680072,11.693486926876279,1.575274569576413,12.552447999787029,1.2528549935225706,13.261240942637876,0.8912264275625708,13.798765407587107,0.49678095050082977,14.146995441700842,0.07635099010435363,14.291213452554146,-0.3628419919794154,14.220217363128262,-0.813234305674261,13.926503242697672,-1.2669624995571855,13.406425627655503,-1.7159017010242203,12.66033765000968,-2.1517000691751282,11.69271297804643,-2.565809617981218,10.51225144896677,-2.9495136766537393,9.1319701418571,-3.293951256463949,7.569281505051012,-3.59013858999104,5.84606001792638,-3.8289881011440343,3.9886987359435673,-4.001325053410784,2.0281569411655496,-4.09790211056604,0.0
107,3,-0.9339003632847223,2.4709949013194445,-0.8841154209745262,2.4033411544698704,4.991217210166146,5.008939174705032,7.011828597156805,9.88611081701292,-0.0,-0.0,-0.15680586271885963,-0.0446645879306779,-0.195632058739976,-0.13714911491534762,-0.14196419681799072,-0.22488872756851558,-0.019891930764752236,-0.26772154602609793,0.14810839757908564,-0.23713611473252713,0.3413828372067135,-0.1154120191285152,0.541295246242732,0.10534084404598562,0.7314038589781192,0.42423620192275674,0.8976142387802144,0.8327479071835168,1.0283045037890455,1.315916139549032,1.1144195543227233,1.8536085871393997,1.1495320219378482,2.4218204948246336,1.1298687466805053,2.9939965955328582,1.0543027118327297,3.542357624207183,0.9243114638585678,4.039214355601486,0.7439040623219465,4.458252879711082,0.5195194911348602,4.775776078991316,0.25990018053650954,4.971887924353923,-0.024055186208991844,5.031609171174283,-0.3194550872951552,4.945915212133126,-0.6115901859435763,4.712689128473984,-0.8841154209745262,4.337585277207128,-1.1192348567637809,3.8348009704809747,-1.2978853538143265,3.22775586985072,-1.399915590651866,2.549680573659078,-1.4042575032855895,1.844117478550205,-1.2890877770075995,1.1653383216095126,-1.0319775971756864,0.5786838488468043,-0.6100294158399574,0.16083181351013853,-0.0,0.0,0.49404367606407085,0.12518888669256262,0.9436840310310702,0.4866342897630535,1.3416505344030145,1.0602521865878214,1.6821878785068123,1.8187053242848326,1.9609753909759347,2.7321409287794762,2.17504166066745,3.7688868346674433,2.322676381029731,4.896104154271989,2.4033411544698704,6.080395541472985,2.4175807392541477,7.288368912009592,2.3669359661470937,8.487157158661493,2.2538593122725112,9.644894952662064,2.081633899378195,10.731154160478757,1.8542964857954674,11.717339738239387,1.5765648473741043,12.577048206217471,1.2537697927945093,13.286390964962953,0.891791932233561,13.824284804806116,0.49700321403729103,14.172711992983372,0.07621316003142084,14.316952308150906,-0.36338033568693473,14.24578934020583,-0.8142358293701769,13.951693292698893,-1.268508992421846,13.430982423174791,-1.7180893632671395,12.683965139914395,-2.1546334455177254,11.715064647156014,-2.5695944180094688,10.53292789937447,-2.954248722266862,9.150520492178192,-3.2997197879533737,7.585208985676456,-3.596999148114839,5.858832027943356,-3.836965184540851,3.997761523077153,-4.010399730213128,2.0329549714682242,-4.108002741281642,0.0
108,3,-0.9465840413263888,2.494270455465278,-0.8968166613326601,2.371951228998818,4.995571344081442,5.008063319833047,7.107059073453957,9.979233108560436,-0.0,-0.0,-0.13625839593812208,-0.03924512903639919,-0.1610732052965799,-0.11769184319687613,-0.0993456929677955,-0.18590307454217966,0.02554491823352707,-0.20651985615901453,0.1919286323864634,-0.15345312251919488,0.38002064985053474,-0.010984552405195275,0.5720821797266037,0.22721694238934415,0.7525624678107864,0.5591545812551266,0.9082188592792886,0.9756287232582503,1.0282122758591175,1.4614158568162252,1.1041761367262364,1.9964887565630498,1.1302574622748929,2.557264183614565,1.1031296396890953,3.1178640593634306,1.0219770682512817,3.651375967806583,0.8884526114262156,4.131099129469262,0.7066094358255103,4.531762619604288,0.4828093921506211,4.8307035407962875,0.2256105729505518,5.0089940618422055,-0.054362945384740076,5.052507649985065,-0.34456591006101234,4.95291639681892,-0.6306878384831438,4.7086130120853795,-0.8968166613326601,4.325552777336313,-1.125606690806281,3.8180124590547706,-1.298447706719846,3.209264829067391,-1.3956321960001945,2.5321689859924748,-1.396518087062723,1.8296780795029866,-1.279684673113319,1.1552672818893754,-1.0230798008037842,0.5732859096913379,-0.6041567968142177,0.15923846116912876,-0.0,0.0,0.48860899303204797,0.12383579366310524,0.9328434099483217,0.4812048374835972,1.3257097447005606,1.04810981467618,1.6616611791959424,1.7974211144627874,1.9365274420697165,2.6995829014975725,2.147439309421337,3.7232827009065286,2.292749458449431,4.836082253733515,2.371951228998818,6.005008214867441,2.3855966769431487,7.197102000732096,2.335215124413977,8.379928741438265,2.223233231560781,9.522045849460616,2.0528974381669043,10.593432184890643,1.8281994553753125,11.565879179040175,1.5538053312806301,12.413345578635072,1.2349884715340245,13.11227769844954,0.8775668688228123,13.641897228325808,0.4878446838037008,13.984458738961617,0.07255822482746542,14.125479077666045,-0.36117370587672293,14.05394084840116,-0.8058951968460373,13.762472137431805,-1.253854491527322,13.247504583876125,-1.6970413197082632,12.509411809853457,-2.1272205122939707,11.552630123541833,-2.5359621343389303,10.3857632953532,-2.914668382087217,9.021673086963121,-3.2545974939449946,7.477557088761661,-3.546884924047975,5.77501529644301,-3.7825620215163616,3.940106734355142,-3.952572449609012,2.003397313785736,-4.047786567666804,0.0
109,3,-0.887527032048611,2.3778528471666665,-0.8732709632749934,2.327407231843236,4.992131250933583,5.006799634847111,6.663652428809329,9.513462266185522,-0.0,-0.0,-0.12779996215844594,-0.03692517851467978,-0.1487194128534134,-0.10999419596384319,-0.0869017439929856,-0.17186369390247713,0.035060662940660764,-0.18688136132944116,0.1962919897051289,-0.13026861079842242,0.3777865931855418,0.012776669416029741,0.562547630196412,0.24805054287935982,0.7357079864942664,0.573378445745882,0.8846312169939071,0.9797061608287777,0.9989906801320086,1.4522358754951068,1.0708255661868378,1.971596073282604,1.0945730576161363,2.5150334931109786,1.0670764003968531,3.05761514448243,0.9875691917861965,3.5734283891017324,0.8576366867975063,4.036767377789865,0.6811553802838652,4.423294648355592,0.46421252359684145,4.711167421424009,0.21500757651881935,4.882119048783828,-0.05626212894051794,4.922487140965565,-0.3375290295531255,4.824181093666206,-0.6149936570445331,4.585583011314509,-0.8732709632749934,4.212377355391533,-1.095541959160523,3.7183059907125617,-1.2637080462906274,3.1258466319890568,-1.3585455422089399,2.4668139752819873,-1.359858073232018,1.7828840072095262,-1.2466247245021953,1.1260430954886962,-0.9971420868783907,0.5589644582937761,-0.5891586149128137,0.15531547228343476,-0.0,0.0,0.47704148711959987,0.12087907499159758,0.9113441367643057,0.4699103818337071,1.2960266782352896,1.0239455217474493,1.6255879526403296,1.756742843389696,1.895847124769524,2.6396428161057686,2.103878285442496,3.6422120457976233,2.2479408700818744,4.7328534882785185,2.327407231843236,5.879381106871315,2.3426886019183883,7.049557864403528,2.2951605505211714,8.211596526741793,2.1870889342736546,9.334623280082607,2.0215571836182997,10.389104624145599,1.8023956514268118,11.347238397054236,1.53411361457169,12.183310115732512,1.2218343967083851,12.87401608035296,0.8712339651279649,13.398754896270697,0.48848324894119977,13.739889216473443,0.08019433115292378,13.88297960706193,-0.3466294160127138,13.816992493269217,-0.7846392547016575,13.534484159841554,-1.2261831261536853,13.03176276303723,-1.663343927859169,12.309030267676825,-2.0879741732739157,11.370506156912342,-2.4917272136730277,10.224534679585823,-2.8660852227920985,8.883677304662353,-3.202384158613045,7.3647919481861726,-3.491835924037816,5.6891004289411,-3.725547950262574,3.882245497406667,-3.894540424368186,1.9743386711057482,-3.989761376858381,0.0
110,3,-0.8580984270416666,2.3767471280069445,-0.8904480647948962,2.371634632340542,4.992167508516072,5.0065622069485345,6.442699164120199,9.50903843587342,-0.0,-0.0,-0.13917245395350783,-0.03997819932563028,-0.16666388199723123,-0.12056600225791643,-0.10715741401018725,-0.19215054167486126,0.016123118301554364,-0.21710355144784152,0.18159920929110385,-0.16900496867785147,0.3695158355111659,-0.03177531703430637,0.562107590639481,0.20127815468074214,0.7437487525243565,0.528494548748596,0.9010835040659941,0.9409626163938474,1.0231329601075378,1.423683496080305,1.1013762312529167,1.9567805760497865,1.1298034589614172,2.5167429516417887,1.1049395523849868,3.077688111033058,1.025838207975703,3.6126290594947648,0.894046656190668,4.094731098959063,0.713542413545523,4.498543912409126,0.49064408334431836,4.801195436630826,0.23389891054496698,4.983535198967996,-0.04604967115995481,5.031216285443364,-0.3366108764851117,4.935706829390294,-0.6234079361227288,4.695223785592433,-0.8904480647948962,4.315583707143978,-1.120297168261306,3.810967195840366,-1.294255624384699,3.2045955834425364,-1.3925317768007195,2.5293201617026546,-1.3944101655343581,1.8281258662162272,-1.2784119614221154,1.154552698195911,-1.0224455453455235,0.573039317112267,-0.6039456558982894,0.15919414589609382,-0.0,0.0,0.488595376609619,0.12382743451351934,0.9328950888743468,0.48120424821605523,1.3258395042926066,1.0481551513688714,1.6618361278753215,1.7975447027659137,1.9366869910206501,2.6997930042463385,2.1475103672445837,3.723553587995057,2.292658724954816,4.836351145291854,2.371634632340542,6.005177652511298,2.385006119739209,7.197046255682522,2.3343227900062917,8.379502973927488,2.222033755275524,9.521096874071496,2.0514082752201044,10.591809856617717,1.8264597821066293,11.563447582741013,1.5518738047439669,12.40999337056296,1.2329401487951794,13.107927105564066,0.875489555719957,13.636511354106728,0.4858349468774044,13.97804695043987,0.07071726241566442,14.118100355830462,-0.36274417460711933,14.045705072774645,-0.8070969013307216,13.753539346092147,-1.2545963461625234,13.238082303835718,-1.697242863922319,12.499750591235093,-2.126815015414062,11.543017436350581,-2.5348993465695426,10.376515961877608,-2.9129169292543664,9.013128427939565,-3.2521469263917586,7.470062959282431,-3.543747439564693,5.768919179895513,-3.778773888865859,3.9357440509597588,-3.948195163486934,2.001079085858797,-4.0429077682317125,0.0
111,3,-0.8494213028421296,2.307997223921142,-0.8708270978895055,2.34529910714409,4.9924322180506255,5.007456521692896,6.377550343115997,9.233979523332431,-0.0,-0.0,-0.15196600410118408,-0.04335759877748849,-0.188201105898896,-0.13268452193286243,-0.1339803068441008,-0.21649086358602143,-0.013113481970415545,-0.2555664175183257,0.15225517643800993,-0.22219770061838126,0.34183876126919166,-0.09928673880357902,0.5373855685440279,0.12062272244030416,0.722838761164371,0.4364035873512766,0.8844735698904179,0.8394781605926989,1.0110083770927878,1.3150131074818325,1.0936867551897589,1.8431627996475581,1.1263283973996931,2.400345969428095,1.1053478404654455,2.9605398026314598,1.029740887302962,3.4965753003553224,0.9010396389231872,3.981417946285588,0.7232379873451414,4.389418409652992,0.5026902574838399,4.697519154253192,0.24798637758281283,4.886404347518115,-0.030192522884324773,4.941582290838679,-0.3192338569250908,4.854391632753354,-0.6047642923067723,4.62292478541085,-0.8708270978895055,4.25286414880142,-1.1000619895971693,3.7582288707091425,-1.2738836767369068,3.162031858765217,-1.3726557483287662,2.4968485545295485,-1.3758570487642818,1.8053005345382622,-1.2622382399611976,1.1404582925756883,-1.0099668033711269,0.566168569574647,-0.5967592740552432,0.15731233496401817,-0.0,0.0,0.4829541414821273,0.12239225641193491,0.9222190715576218,0.4756639971598534,1.3107632436822183,1.0361496658790115,1.6430307621412812,1.7770400395523673,1.9148618256876677,2.6691003946149765,2.1234087017687124,3.6813476917377557,2.267049168104689,4.781685039033737,2.34529910714409,5.937492599356245,2.3587256846844125,7.1161748864709455,2.308862296202389,8.285665048154822,2.1981262303549673,9.414887266836825,2.0297397837310207,10.474178828421973,1.807655367425713,11.435673727647792,1.536484975979282,12.273649905106709,1.2214342430138796,12.964842358800873,0.8682411848937469,13.488724453567126,0.483119632602643,13.827759776212567,0.07270727098587836,13.967626863241268,-0.35598185852706743,13.897419071163373,-0.7956005828121696,13.609821775019967,-1.238507774229728,13.10126897629253,-1.676803726845241,12.372081283070694,-2.1023619909881988,11.4265870984819,-2.5068579302530893,10.273228722249115,-2.881794263721131,8.924654938296868,-3.2185238501193574,7.3978015312815755,-3.508269961033903,5.713961048838464,-3.7421442781675376,3.898843005724285,-3.9111628358144976,1.9826256119390246,-4.006260114900375,0.0
112,3,-0.8636571885222222,2.307152019387037,-0.8830482778714709,2.322707207301217,4.988925948132304,5.006741500769116,6.484434968330663,9.23059797621441,-0.0,-0.0,-0.14360273784054853,-0.04118709432881427,-0.17342052895783178,-0.12464599708640042,-0.1147483632851431,-0.19986783865827054,0.008655449702103319,-0.22861538156621608,0.1747645036263469,-0.18410550333976528,0.36346834503094744,-0.05009667307645634,0.5567409027215112,0.1801118732091862,0.7387891037963223,0.5047603855455395,0.8961779198893358,0.9147774136623937,1.0179286919492025,1.3949845801081648,1.0955883305783607,1.925343317579355,1.1232678468944313,2.482228584496244,1.097649593632772,3.0397140297029823,1.017963540744721,3.5708530033472057,0.8859338259909463,4.048940204341904,0.7056976635422044,4.448739589641833,0.48369942291085,4.747665399833781,0.22856327583466737,4.926904714535469,-0.04905177034284782,4.972471762265031,-0.3366103868516975,4.876186187838024,-0.6198688435925113,4.636569539225828,-0.8830482778714709,4.2596562918528065,-1.10900947927804,3.7597177061103584,-1.2794256980541108,3.159898649365439,-1.3749504105318426,2.4927691564903767,-1.3753774581878093,1.8007939171636855,-1.2597914880158378,1.1367240427391496,-1.006707135431356,0.5639163728597697,-0.5941958848450526,0.15658623669096036,-0.0,0.0,0.4800683806277614,0.12169206523569795,0.9160667505562002,0.47271494289913696,1.301202028887951,1.0292736082856362,1.630125047622776,1.764540678907326,1.898851119348401,2.6493587121236333,2.104676791108589,3.6529017537255566,2.246094574800359,4.743294687886584,2.322707207301217,5.888189775014261,2.3351427555390054,7.055300480988347,2.284971651062336,8.212893300765757,2.174626521492026,9.33023876665279,2.0073254868270216,10.378023214575965,1.786999409618139,11.328723170040659,1.518223430829438,12.156944419756291,1.2061529880076443,12.83972796610722,0.8564643985631796,13.356825130635686,0.475299997308862,13.690944089881649,0.06921774226941861,13.827970101980732,-0.354854855714475,13.757161624152861,-0.7896626679020883,13.471324437448212,-1.2276609665906801,12.966965792676818,-1.6610497680468035,12.244430476171908,-2.0818047509619,11.30802057082611,-2.481705006267581,10.16610056072807,-2.8523578726734713,8.83118929996479,-3.185221106338441,7.320040240299972,-3.4716226237723458,5.653711190442334,-3.7027780453375017,3.857624762918426,-3.869806253366043,1.9616205541647542,-3.9637431645775267,0.0
113,3,-0.8717778723324009,2.3425786287141417,-0.8759614148777601,2.302807876841323,4.990807811584779,5.005852830716672,6.545405972526878,9.372334968667031,-0.0,-0.0,-0.13773424139208698,-0.03961312628969489,-0.1641280838236928,-0.11918529824755225,-0.10419717270469317,-0.18936258567347963,0.018632103277113485,-0.21290924473069978,0.18270215722383557,-0.16386778765614815,0.36829180560229624,-0.026632102565234874,0.5577681016045397,0.2050594401086078,0.7357188580805316,0.5292021099824467,0.8890627465146848,0.936663713561404,1.0071344183286306,1.4123723893619522,1.0817427621442124,1.9365403112272104,1.1072011549310947,2.485909550135311,1.0803293507409368,3.0350059692586293,1.0004274402897424,3.557387046904376,0.8692230707885015,4.026869929768111,0.6907938040673681,4.418726789251622,0.471467083494852,4.710835645250929,0.21970075480703966,4.8847761809818655,-0.05405257091392352,4.926861636402899,-0.33749381763794595,4.829099569183209,-0.6166348419291423,4.59007604279885,-0.8759614148777601,4.215759576034441,-1.0985984396928865,3.720222907781477,-1.2664743122498103,3.1262822447944174,-1.3604816591314668,2.466055127127727,-1.3606320647055117,1.781439336086477,-1.246202804707683,1.1245163630605985,-0.9958740195196054,0.5578838449871493,-0.5878551691433426,0.1549220527893322,-0.0,0.0,0.4750934334436353,0.12042358767777023,0.9067597866616057,0.46784738413749083,1.2882787994381224,1.0188176580556876,1.6143382374052846,1.7468755036099932,1.8809605367270448,2.623242719288553,2.0854253985618163,3.6174699255376046,2.2261899467693484,4.698045307018206,2.302807876841323,5.8329631259862955,2.3158488331615734,6.990251819656208,2.2668190621302178,8.138462065392252,2.158084205753871,9.247115675236529,1.9927949280683774,10.287116570008951,1.7748159081102146,11.231125389124143,1.5086585899477711,12.053899522656275,1.1994179535071998,12.732600515049942,0.852713459838951,13.24707089352732,0.4746342307551547,13.580082526966917,0.07168844467174867,13.71755863083947,-0.34924313305516214,13.648771508236539,-0.7809496172778737,13.366518063080271,-1.2159286380573775,12.867275045550945,-1.6464213418293174,12.151335897193997,-2.064443975984685,11.222930958931165,-2.4618162854106944,10.090332693460692,-2.8301869544816345,8.765947457783875,-3.1610563277614965,7.266395244714772,-3.4457966383403273,5.612578696532887,-3.675669965211706,3.829742581242255,-3.841844131222316,1.9475248135822958,-3.9354067415817107,0.0
114,3,-0.863449207201389,2.3233846442569446,-0.8740339004472986,2.315281823142302,4.9886813407521515,5.006929136567811,6.482873421263733,9.295542476192624,-0.0,-0.0,-0.1465945828535903,-0.04197371189910288,-0.17856332312295095,-0.12749778418768434,-0.12136379416976702,-0.20568431025523554,0.0011031299578365583,-0.23799343469453305,0.16669108766604634,-0.1974051297982881,0.35519360620526197,-0.06749498027949065,0.5485124912653724,0.15857865718668293,0.7308050338061104,0.4791665584732307,0.8886063772411157,0.8852880689014077,1.0109240893228246,1.3618448816078814,1.0893028126004909,1.8888746914939962,1.1178577828149794,2.442829422063821,1.0932769584945248,2.997862355039745,1.0147924482335917,3.5271086015336173,0.884122807770834,4.003943921515686,0.7053885656943005,4.40320788594177,0.485003991318544,4.70237872505328,0.2315486179921614,4.882688844860261,-0.04437763232626997,4.930171840664884,-0.330311713365682,4.8366338073259945,-0.6120930941277555,4.6005437582199695,-0.8740339004472986,4.2278399421510535,-1.099089947242645,3.732650723165817,-1.269029407987751,3.1379304078368375,-1.3645962940341467,2.476011927061081,-1.3656663836730984,1.7890795774601527,-1.2513937241217399,1.129566086883512,-1.0003463069508882,0.560479086933102,-0.5906299707353546,0.15566266052817873,-0.0,0.0,0.4774692538409848,0.12102137355856896,0.9113743200117341,0.4702001902103032,1.2949221243886126,1.023994859227428,1.6227512922025862,1.7558283554743739,1.8908535912567177,2.63678461013295,2.09649195626635,3.6362646939661003,2.2381167666059887,4.722601511132175,2.315281823142302,5.863632501129034,2.328561245360211,7.027230512925255,2.2794682944050457,8.181793571556016,2.1703769259564707,9.296694709185495,2.0044466924245326,10.342693387716967,1.7855514488554483,11.292310307669537,1.518212172063305,12.12016758816718,1.2075340778692587,12.803296425651823,0.8591481162480721,13.321414404309214,0.47915683747140075,13.657174648683105,0.07408455248360311,13.796388987366097,-0.34916834396006863,13.728227244003746,-0.7833670602152166,13.445394695255734,-1.2209803073431214,12.9442896410548,-1.6542146339493033,12.225142925832456,-2.0750454305798565,11.292141134849649,-2.4752448430007954,10.153535071108767,-2.8464068332938317,8.821734998559279,-3.179969623077624,7.313394018844679,-3.467235745320631,5.649480833529526,-3.6993899210137586,3.8553430329798593,-3.867514965143119,1.9607619478385547,-3.962605913542973,0.0
115,3,-0.8487293641736111,2.3394219941666665,-0.8519409092393478,2.301360532114952,4.991415239250916,5.008129131681143,6.37235519004171,9.35970570790713,-0.0,-0.0,-0.15188845596353462,-0.043313947991377624,-0.1886789271824273,-0.13271296628296483,-0.13569153070106763,-0.21703849304975767,-0.016699949943257884,-0.25741344542847766,0.1462570664541246,-0.2264215049245935,0.3330531832572961,-0.10719473470765842,0.5256368432318927,0.10758393081174498,0.708174655165369,0.4167547886522784,0.867172327499837,0.8118216852528615,0.9915702007484472,1.2781465609229257,1.0728110905757777,1.7961849183309908,1.1048789131180847,2.3427479549196875,1.0843073913384575,2.8922765396823307,1.0101589978295518,3.4181120778960015,0.8839751352208527,3.893749597843429,0.709699350536507,4.294059095831161,0.493576088101336,4.596462255360615,0.24402807625704406,4.78205306171621,-0.02848410675369308,4.836652499610829,-0.3116164468924817,4.751789374689099,-0.5913059112900361,4.5256012607869,-0.8519409092393478,4.163651565066874,-1.0765339984111117,3.6796606481008562,-1.2468933196506518,3.0961507694415222,-1.343789623607566,2.445006296091812,-1.3471162029061612,1.7679520693987156,-1.2360395367304096,1.1169540469604717,-0.9891389638789674,0.5545473055458481,-0.5845342015367383,0.15409720691226161,-0.0,0.0,0.4732012464764009,0.11991434772885569,0.9037454810293213,0.46608334676053503,1.2847368701293795,1.0153930209159632,1.610718897235493,1.7416444212356763,1.8775969150184868,2.6162541357355726,2.0825565594695896,3.608914960360217,2.2239798451447284,4.688215126150543,2.301360532114952,5.822215330568291,2.3152201205543705,6.978983557582423,2.2670255976611218,8.127088290969867,2.1591098410911824,9.236051231929057,1.9945953786435744,10.276761032327471,1.7773220191355126,11.221849857702242,1.5117787062623682,12.046034809890326,1.2030398064774848,12.726426378938342,0.8567059232608875,13.242806168890137,0.47884923252144684,13.577876162981124,0.0759632557107384,13.717481770826803,-0.3450830733979677,13.650810842637355,-0.7770872374815927,13.37057075157509,-1.2125510810478732,12.873145542291764,-1.6437151140691924,12.158735027579747,-2.0625894267949594,11.231477591079598,-2.4609814724253196,10.099558326305585,-2.8305209721536357,8.775304014236514,-3.1626821903663354,7.275266315982148,-3.448803817716483,5.620294435541878,-3.6801066873612536,3.835598391840813,-3.847709535698385,1.9508039300237268,-3.942643004119291,0.0
116,3,-0.840465200451389,2.3099278907152776,-0.8676575517823025,2.312160033997378,4.994429987277774,5.00699499983853,6.3103069225849415,9.24170385569239,-0.0,-0.0,-0.15106332152141116,-0.0431415488991671,-0.1863175654598747,-0.13176921532575478,-0.13129677230230838,-0.21442182662655623,-0.009996452189851688,-0.25202905971407574,0.15532531934301763,-0.21709207532197075,0.344335480385695,-0.09276733707606938,0.5387976420502719,0.12813956647104416,0.7227234965202568,0.4442610391506673,0.8825000943231373,0.846824415633255,1.006989740064669,1.3208658133717939,1.087600035534159,1.8464865542988294,1.1183224936837162,2.400136796730653,1.0957391120518665,2.95591046902167,1.0189972801579634,3.486835537482032,0.8897543512816213,3.9661440696023016,0.7120940864427824,4.368507442396646,0.4924179350744145,4.671223344551514,0.23931471976582347,4.855342860988381,-0.0365872802861113,4.906727826566035,-0.32278161050311815,4.817030701220506,-0.6050539911708551,4.584591359333323,-0.8676575517823025,4.215247312938423,-1.093489023122588,3.7230559218065107,-1.2642623389000367,3.1309290164215087,-1.3606765647158978,2.4711820204406294,-1.3625755933251138,1.7860010716732946,-1.2490975902751598,1.1278327852411278,-0.9988127152365568,0.5597021745444848,-0.5898481583759627,0.15546485294554688,-0.0,0.0,0.4769458874156784,0.12088560292692585,0.9104178884265952,0.4696917677851965,1.293578613551158,1.02291022854396,1.6210390458915775,1.753979401460809,1.888777350466187,2.6339884604283053,2.0940541832530464,3.632339861540894,2.2353263029906607,4.717369028036476,2.312160033997378,5.85692074469174,2.3251458760571118,7.018882521529057,2.275815316095592,8.17167577378947,2.1665606719757293,9.28470613558658,2.0005585952682283,10.328774588021219,1.7816976795570383,11.276451349898442,1.5145104645453804,12.102414662392988,1.2041099936534014,12.783756710028136,0.8561309728371694,13.300258970777175,0.4766754893392163,13.634639288874448,0.07226317898058744,13.77277292500941,-0.35021432277555375,13.703889768887663,-0.7835348496586343,13.420749806475422,-1.2201833235947568,12.9197988252905,-1.652385770506663,12.201306221491965,-2.0721399875251385,11.269486646898184,-2.4712431175319525,10.13260710618292,-2.8413163830485404,8.803080987326378,-3.173827223637567,7.297550384212219,-3.4601090702698296,5.636957950757414,-3.691378977419197,3.8466094123418055,-3.8587533197137653,1.9562277533680628,-3.9532617453775596,0.0
117,3,-0.8852297055138889,2.339183054041667,-0.8865370057002125,2.305059580173288,4.985443395507368,5.006698426464864,6.646403843707044,9.35874974132334,-0.0,-0.0,-0.14962530724822826,-0.04287060701578301,-0.18175209257676417,-0.13005012500508414,-0.12272577324606179,-0.20943967971889355,0.002756406423898441,-0.24171028043952328,0.17185976351351656,-0.19942453539730495,0.36380946846161066,-0.06605522661445003,0.5600656947737971,0.1650894243815087,0.7444722143679166,0.49202159494569303,0.9033748607511654,0.9052965937744418,1.0257072723200797,1.3892867306238141,1.1030424185870578,1.9234895423172857,1.1296095418200929,2.483853127568431,1.1022772533977103,3.0441014382995637,1.0205045502687078,3.5770430057815976,0.8862624129055141,4.055847692918062,0.7039293744385318,4.455277584360438,0.480164987307974,4.7528599634439495,0.2237654489942525,4.929992380321592,-0.054494214209658026,4.972971988811828,-0.3420270517167851,4.8739435248014615,-0.6246060317279841,4.631762430912515,-0.8865370057002125,4.2527716285505734,-1.1108294051601286,3.7514922432882143,-1.2793617722412245,3.1512301633729365,-1.3730397467072695,2.4846016307948586,-1.3719446569191913,1.7939821214158909,-1.255471367287809,1.1318835694361338,-1.0024545025509166,0.5612655464011391,-0.591282587296658,0.15578633800004857,-0.0,0.0,0.4771994698778624,0.1209843864527077,0.9102004016090389,0.4698246922769333,1.2924002562263348,1.022710039843507,1.6186184622212882,1.7528872428861282,1.8850118086049037,2.6313507414730446,2.088988186480783,3.6274897537379727,2.2291201574690604,4.70969219876061,2.305059580173288,5.845905621832533,2.3174542942724146,7.004155910291536,2.2678676498215222,8.153025034020375,2.1587014793400927,9.262089390049796,1.993122943262704,10.302320586780114,1.7749955352606197,11.246450681663276,1.5088144119549072,12.069303998051131,1.1996461102171097,12.748097703018216,0.8530726328210151,13.26271333821053,0.47513981770289904,13.595941469113578,0.07230985547362179,13.733701562530488,-0.34858221790473504,13.665239124453432,-0.7803682531290392,13.383302036858836,-1.2155831616808987,12.884297927288612,-1.6464977595049723,12.168434293579486,-2.0651485115571964,11.239842991186123,-2.4633644075573766,10.106690574952298,-2.8327911945259086,8.781275873069125,-3.1649131840876183,7.2801160599676145,-3.45107284286739,5.624022388244535,-3.682488363228792,3.838166638279279,-3.8502693996464674,1.9521392485367524,-3.945431143579689,0.0
118,3,-0.88427121843007,2.251576977167832,-0.8607363302684597,2.2929996666747887,4.992173222106337,5.0071778081771985,6.639207415256488,9.008249874344246,-0.0,-0.0,-0.14326763022673683,-0.04104709069790652,-0.17403084825430082,-0.12452480218005937,-0.11739476060239595,-0.20052030214545666,0.0031391220656981373,-0.231279806933112,0.16584572245090337,-0.1903631693117712,0.35093778732207426,-0.061714765592556474,0.5407124474647645,0.1613427426506408,0.7196797625100092,0.4771835500444803,0.8746703813173622,0.8770130116882113,0.9949198736736646,1.3460500370750852,1.0721278127980975,1.8647454055221815,1.1004902933540757,2.410023023048483,1.0767052341240664,2.9565306471574346,0.9999505119836466,3.4778864541383343,0.8718356755446437,3.9479080226929204,0.6963286631816152,4.341810852634664,0.4796595723956409,4.637364408148831,0.23020406958857342,4.8159948379372395,-0.04165053039348375,4.863824933805282,-0.32365316324632587,4.7726434896803,-0.6018473462371623,4.540797953021741,-0.8607363302684597,4.174006055349853,-1.083451523591658,3.6860839038028037,-1.2519208151947578,3.0995897505067647,-1.3470337034544524,2.446384276929603,-1.3488004937831788,1.7681096909694352,-1.2365032456593625,1.1165912004603131,-0.9888366016263644,0.5541654745378498,-0.5840370961474115,0.15394152178779533,-0.0,0.0,0.4724067708471137,0.1197279008246831,0.901921550867391,0.46524982882317895,1.2817497250583831,1.0133604505560518,1.6065179265509237,1.7378154048156456,1.8721998911478879,2.6100236228395546,2.0760376811220094,3.5997013399003626,2.2164600671663917,4.675485937611422,2.2929996666747887,5.805508603913936,2.306210230538252,6.957925545723758,2.2575852591346943,8.101408132478445,2.1494789193793036,9.20559288669897,1.9850300351700327,10.241492673229613,1.768089738235882,11.181870777981114,1.503153198665885,12.00157981778879,1.1952957062752634,12.67786759476317,0.8501132462893894,13.190652111314295,0.4736676054795348,13.522768006100135,0.07243595701690071,13.660186666463536,-0.34673519745548614,13.592212228893459,-0.7766719034241847,13.311655604305034,-1.2099106606012016,12.814988567193183,-1.638732601786404,12.102479833712959,-2.0551941996910217,11.178314929223642,-2.4511547651609655,10.050701515600474,-2.8183010005059193,8.731961716574236,-3.148168866455832,7.238612848604234,-3.432163011966032,5.591437837708155,-3.6615740038205877,3.8155464810272623,-3.827593578702357,1.9404285969347925,-3.921328124897635,0.0
119,3,-0.8624605697569444,2.310872389239583,-0.8580787370004548,2.28942636246905,4.99158977216052,5.005995365774892,6.475450620526409,9.24548266441142,-0.0,-0.0,-0.1448103802445863,-0.04144968900836583,-0.17672200166210505,-0.1260017991177465,-0.12086635501496006,-0.20355269586347338,-0.0007768368074384676,-0.23617235540990683,0.16178423358594057,-0.19726168987170614,0.3469876868643359,-0.07062596342332982,0.5370852236760012,0.15052938080806622,0.7165395004123135,0.4646724769916843,0.8721335839387141,0.8630787953279417,0.993057181976318,1.3310139201947233,1.0709675702035788,1.8489531922444427,1.1000237463062073,2.393825168283319,1.0768930229144529,2.940265285822687,1.0007299980081932,3.461865905582801,0.873128581493045,3.9324090596768673,0.6980484769381144,4.3270687541511625,0.4817181849470168,4.623570543783934,0.23251717895326574,4.80329728040378,-0.039159620239862705,4.852331385253262,-0.32105159727358806,4.762425651610802,-0.5991927403400525,4.531896378814932,-0.8580787370004548,4.166434502146594,-1.0808371923422417,3.679832244298267,-1.2493974917461745,3.094624607318402,-1.3446571352507866,2.442646690619017,-1.3466417595469948,1.7655093128788701,-1.234656511770268,1.1149966975458485,-0.9874269206469337,0.5533910300676689,-0.5832279004989798,0.15372949958612903,-0.0,0.0,0.47176381587029226,0.11956488725605344,0.9006877123814099,0.4646155231415684,1.2799751410665772,1.0119719323124194,1.6042548594917516,1.7354152096124,1.8695056065284534,2.606381571969588,2.0729762293694387,3.594617530772293,2.2131030886329075,4.6687943753116015,2.28942636246905,5.797081020487293,2.302506651729186,6.947675028050178,2.2538430662099223,8.08929225611573,2.1457937551389876,9.19161612711204,1.981499639938905,10.225707934026381,1.764811918592465,11.164379935894996,1.500223741696707,11.982533234978192,1.192806312158883,12.657462590176074,0.8481495339091017,13.169130414677797,0.4723072295035064,13.500412241291283,0.07174686090521162,13.637315926641815,-0.34669637957673827,13.569176815021754,-0.7758612921588488,13.288831002787257,-1.20829842687981,12.792768742499424,-1.6363041203529525,12.081269909129247,-2.0519510711907714,11.158523324197246,-2.447115719139548,10.032731602343922,-2.813502692114453,8.716203052274517,-3.142666579309991,7.2254320332438295,-3.4260312786794955,5.581169041493064,-3.6549071544372307,3.8084816799694665,-3.8205062257595266,1.936807550392398,-3.9139555923004874,0.0
120,3,-0.8727019408680555,2.261330068125,-0.8727810912632274,2.3288215504999132,4.990880219494903,5.006507993682669,6.552343982660258,9.047270650129532,-0.0,-0.0,-0.153333753600488,-0.043776905295458385,-0.18941693821584327,-0.13379951682822203,-0.13413745439762176,-0.217975449348478,-0.011815132065049416,-0.256773026360306,0.15500367067931273,-0.222385432216925,0.3457379946333066,-0.09779533503545115,0.5419461392540479,0.12425212171203147,0.7274772537865033,0.44235785485073076,0.8885970244802709,0.8476468343129243,1.0140845400695309,1.3250018190339732,1.0952982546708891,1.8543378679847835,1.126209884625792,2.4119018448488054,1.103406029819643,2.9715807910354264,1.0260582552095812,3.506203174594743,0.8958632606065744,3.988817616619374,0.7169555663324413,4.393934715249935,0.4957958160419798,4.698718975458348,0.24103832114102378,4.884119540873298,-0.03661817110975861,4.935930332616386,-0.3245923164730657,4.845772245046612,-0.6085904287657922,4.611992145041984,-0.8727810912632274,4.240475490082055,-1.099970328172384,3.7453713494408634,-1.2717739106698775,3.1497304221548554,-1.3687838221418973,2.486058248351763,-1.3707264079440618,1.7967871745503619,-1.256610258451827,1.1346717404184368,-1.0048623952098927,0.5631129992517422,-0.5934518271413047,0.15641787385856573,-0.0,0.0,0.479925387582888,0.1216376178503621,0.916185660238788,0.47263937035592424,1.3019065069295048,1.0293919687382644,1.6316658965128115,1.7652113516367531,1.9014123159159924,2.6510485610177197,2.10837973324638,3.656153839832087,2.251001049031688,4.748697764945517,2.3288215504999132,5.896349048509623,2.3424136373771387,7.066809336528663,2.29329385115484,8.228305907930991,2.183843019136701,9.350043637509335,2.0172301238980763,10.402617940686037,1.7973403304945668,11.35839067783811,1.5287074488625407,12.191831172381402,1.216450977273178,12.879824601681836,0.8662177634965004,13.401950064586908,0.48412823196628935,13.740730624777592,0.07672705578439605,13.88185758517798,-0.349061900274525,13.814391174257347,-0.7859765777102862,13.530939728050479,-1.2264539008741862,13.027819338842228,-1.6626633852552242,12.305195818384236,-2.0865374375350503,11.367210694912883,-2.489798607738996,10.222092832894361,-2.8639840488695225,8.882257135305618,-3.2004674305545664,7.364391662641703,-3.49047854157362,5.689534382394073,-3.725120802550468,3.8831406486440416,-3.895386895366413,1.9751424044196635,-3.992172700546513,0.0
121,3,-0.8823074541111111,2.282832690402778,-0.8964510804360755,2.322367736486389,4.993295853088155,5.0063269072119425,6.624463252655114,9.13329968506642,-0.0,-0.0,-0.1417837513790617,-0.04076337229091203,-0.16923699374492615,-0.12273642051329668,-0.1080140329810127,-0.19522988603540659,0.017829574415030185,-0.21999032204415814,0.18603251421116634,-0.1703514185698466,0.3763106638073606,-0.030290526512151122,0.5705230283957161,0.20660222069177278,0.7528165159273348,0.5382326268468695,0.9097459073500812,0.9551774781252654,1.0303660468720057,1.4419127364601185,1.1062940790610805,1.9780804122064894,1.1317404561839057,2.539778781594393,1.1035083848164673,3.100860211563733,1.0209623271242196,3.6342209266567473,0.8859670718648996,4.113067588145711,0.7027997000298152,4.5121465201180735,0.478037454345375,4.808922756633034,0.2204250543396115,4.984697728529561,-0.0592746362145113,5.025656277747132,-0.3484424895490697,4.923835695828755,-0.6327734151483171,4.678011546622922,-0.8964510804360755,4.2944970711943045,-1.1223233050983867,3.787854914722425,-1.2920747437024682,3.181521701737883,-1.3863939082244148,2.508347572065792,-1.3851320670856428,1.8110541442165156,-1.2674520634429556,1.1426154784838245,-1.0119655988499345,0.5665674642295758,-0.5968580089598198,0.15725166132527574,-0.0,0.0,0.481618562352349,0.12210894149941297,0.9185140605714243,0.4741562727442697,1.3039957560278774,1.0320460152743607,1.6328158201998388,1.7687008592633136,1.9010876022119276,2.654763364690623,2.1062005395464674,3.6592553796236964,2.246733453848188,4.75019444246681,2.322367736486389,5.895166746817835,2.333801692364758,7.061856940645393,2.282667082889157,8.21853560836039,2.1714486956234724,9.334505750781222,2.0034075728613683,10.380509942118024,1.7825083564925772,11.329100114618868,1.5133510532626582,12.154972110982582,1.2011073929196805,12.835267262896517,0.8514618411370942,13.349843311800907,0.4705572382602626,13.681516995423165,0.06494496222436642,13.816280590256126,-0.35846054241375974,13.743494634587663,-0.7924230694472103,13.456058966589007,-1.2294220197803831,12.950564104016888,-1.6616860829316797,12.227424872000045,-2.0812234906595357,11.290998057968967,-2.4798491054080123,10.149685742002264,-2.849208603916486,8.816025819895774,-3.1808000095942655,7.306771107614363,-3.465992817226749,5.64295829137886,-3.6960449411891036,3.849967868873767,-3.8621177043773707,1.9575761149137703,-3.9552890701654064,0.0
122,3,-0.9018575536805555,2.282241963701389,-0.8941841196501482,2.3160081758323714,4.9939362604886455,5.006584703397222,6.771247591357101,9.130936268764192,-0.0,-0.0,-0.1394687895669367,-0.040140355517946015,-0.16560188209481183,-0.12058733169805316,-0.10391055591979637,-0.19111377080551117,0.021701450442634555,-0.21385444208725135,0.1891290800433413,-0.16245404454655624,0.3782442843682,-0.021122659318720483,0.5710572519568906,0.21639385952607618,0.7518565971869222,0.5479190033474394,0.9073250786811804,0.9640148343265875,1.0266280764958826,1.4492023597687675,1.1014728353014511,1.9832189021014515,1.1261373393092102,2.542297527105205,1.0974685810661773,3.100453249229182,1.0148508761649777,3.6307608375672413,0.8801457167204918,4.106609585181355,0.697605410019361,4.502921343619101,0.4737633838801167,4.797319411932328,0.21730453443856998,4.971237440035717,-0.06108066773427957,5.010959285709485,-0.34885441455282773,4.90858267469746,-0.6317982111352256,4.662901476439769,-0.8941841196501482,4.280203350902192,-1.1189470045648247,3.7749813796266194,-1.2878545140669158,3.170560011920706,-1.3816719315766977,2.4996371924295606,-1.3803194778046175,1.8047458591986532,-1.2630201136683965,1.1386390941423588,-1.0084363658501934,0.5646040644632594,-0.5947951513270748,0.15671051799563768,-0.0,0.0,0.4800050904244407,0.12169732152503998,0.9155008332697745,0.47257849834670457,1.2998193290734077,1.0286606597918746,1.6277237291356532,1.7629879677863753,1.895328635044255,2.6463274256233484,2.1000170088087655,3.647823939088891,2.2403552874091353,4.735613317720559,2.3160081758323714,5.87739269616599,2.327654371755173,7.0409485373032314,2.276904260126079,8.19464295125915,2.1662204125319144,9.307859532172223,1.9988415383747131,10.351410284313793,1.7787103651334906,11.297905489464354,1.5104057747577166,12.122088567692957,1.199079392979684,12.801138113815348,0.850396717715698,13.314939361743011,0.47048278084328227,13.646327348293473,0.06587226317352385,13.78130402586501,-0.3565360762029001,13.709231518004101,-0.7895208395637531,13.423003630796446,-1.2255755147991434,12.919197632794196,-1.6569423215310846,12.198208202567162,-2.0756426291854524,11.264365320790427,-2.4735042025652176,10.12603775709939,-2.842185530034767,8.795723674060113,-3.1731974843334516,7.290129744150688,-3.457922557393226,5.630240052674533,-3.687631899285726,3.841375941559979,-3.853500378368437,1.9532478371418749,-3.946619865500776,0.0
123,3,-0.91166385071875,2.2432636576666667,-0.8822117023043358,2.3181266035629537,4.996286175739059,5.006661317855306,6.844874368589291,8.974989426173401,-0.0,-0.0,-0.15014062711550696,-0.04296816089585813,-0.18335093396988042,-0.1306598321366879,-0.12564803846541392,-0.21117572143546948,-0.001461336672245006,-0.24523724561869528,0.1665797029570321,-0.20533911136383018,0.3578429680065987,-0.07479927120479436,0.5538713386187399,0.1532850871364625,0.7385360057669169,0.4771644657172103,0.8981616396194687,0.8876337457299769,1.0216204451004063,1.3692837862926373,1.1003931400031377,1.9017918414989274,1.128595965315055,2.4612339888319887,1.1029739296952905,3.021402590422476,1.0228615422032228,3.555112175482736,0.8901132457604349,4.035478003820404,0.7090065832194933,4.43715288801568,0.48612177449239097,4.737509537163008,0.2302018363309708,4.917757645897521,-0.04800237091247652,4.963987089726276,-0.3358977269405164,4.868130802240534,-0.6192207421016138,4.628843108218524,-0.8822117023043358,4.252291386352811,-1.107787406916381,3.7528608681415823,-1.277709315940487,3.1537740936241176,-1.372744452715344,2.4876280054998623,-1.372816958945875,1.7968528526526257,-1.2571487423087098,1.1340979890294907,-1.0043881705873747,0.5625503036369204,-0.5927262332371609,0.15619142147424245,-0.0,0.0,0.4787746609243534,0.12136743608596691,0.9135526709307888,0.4714334804970578,1.297625403662458,1.0264612673005882,1.6257165877130964,1.759721133230004,1.8938984064600273,2.642185947150581,2.099505439118925,3.6431838770690126,2.2410480540337243,4.73100792912691,2.3181266035629537,5.873482332720376,2.3313475212199632,7.0384864577180055,2.282242191632199,8.194437441690212,2.1731892560202426,9.310733087401685,2.0073408321653345,10.35815687521017,1.788552968765808,11.309247133708531,1.5213205191582706,12.138632537181932,1.2107165073175132,12.823336162006152,0.8623359680571179,13.343050346986196,0.4822441713336488,13.680384574846041,0.07692908527351258,13.82108853256083,-0.346742108258483,13.754252424775126,-0.7815626602208596,13.472486513867999,-1.2200222959766753,12.972081747947968,-1.654339894583254,12.253153218851413,-2.0764930515199187,11.319768069863489,-2.4782447683164675,10.180059350389245,-2.851167506222263,8.84632719450624,-3.186664831736647,7.335128583984821,-3.4759908703903006,5.667356845237793,-3.7102677723501705,3.86831192462619,-3.880501379803959,1.9677623881428934,-3.9775952721289682,0.0
124,3,-0.880395739423611,2.211846065145833,-0.8701593391309509,2.2894195523093157,4.9908293173728255,5.006157594269024,6.610109884520348,8.849291958688195,-0.0,-0.0,-0.14357223541048408,-0.04115263519765036,-0.17397443159812426,-0.12471819345273967,-0.1164205668178057,-0.20047643023929412,0.005441831673280093,-0.23043041669121564,0.16971809866763587,-0.1879763433961542,0.35644188587026576,-0.05698268079601652,0.5477354651244253,0.16921477168235913,0.7279508955932974,0.4888933634130365,0.8837884550707629,0.8930891097285052,1.0043892848313976,1.366795091774989,1.0813998911474196,1.8901992250694013,1.1090069542272567,2.439946902244271,1.083941777831528,2.990413459250057,1.0054546255020822,3.5149713087994576,0.8752600852424876,3.987236933454855,0.6974554380331637,4.382283713561602,0.47841473602542534,4.677807740586862,0.22666189072085327,4.855235274188582,-0.04727349305988797,4.900762267324361,-0.33101353695852465,4.806318324992472,-0.610498669033388,4.570449492727627,-0.8701593391309509,4.199116306983046,-1.0930890574568983,3.706405504288443,-1.2612152757448736,3.115155613665068,-1.3554650525336966,2.4574982946983335,-1.3559229266036406,1.7753186941715071,-1.241978936248357,1.120639254443831,-0.9924652399722681,0.5559323081072369,-0.5857802934623408,0.15436743965036415,-0.0,0.0,0.47324785621659704,0.11996412381091469,0.903028901181076,0.4659950488386167,1.2826504414943478,1.014625180286954,1.6068460219370937,1.7394003459321306,1.8716959537066238,2.611573239289372,2.074544198831695,3.6007561368246552,2.213913393183661,4.675531522670843,2.2894195523093157,5.804020086227077,2.30168776484149,6.954406270125659,2.252269945981211,8.095422139914255,2.14356550487096,9.196790827706822,1.9787455790477486,10.229631177987281,1.7616813093487544,11.166825504485042,1.4968764710002513,11.98335256338111,1.1894046413774804,12.656587971232527,0.8448509714339865,13.166574356990695,0.4692585347895038,13.496263546915552,0.06907915423953953,13.631733048881962,-0.34887145193677216,13.562379037450768,-0.7774544040947147,13.28108795104169,-1.2092445058624275,12.784388704477614,-1.6365634485135931,12.072587399934067,-2.0515096345053085,11.149886291832283,-2.4459848826115955,10.024488630480867,-2.8117182743667737,8.708690878525266,-3.1402873944152003,7.218963666028577,-3.4231372069733124,5.576022726190862,-3.651596797900396,3.804890935710098,-3.8168941976375694,1.934952472549372,-3.91016948515604,0.0
125,3,-0.8822253780868056,2.2725540184722224,-0.8509791654181642,2.2877320870509577,4.996197116376786,5.0068405556164,6.623847016665717,9.09217613207854,-0.0,-0.0,-0.1403164352906174,-0.040213059005035794,-0.1701672466533004,-0.12191314644154586,-0.11414594451039389,-0.19607692723357975,0.004708347363479096,-0.22559651641521786,0.1650814691191665,-0.1844592540571951,0.3475438039079488,-0.0568448000831464,0.5346955511286078,0.1638541180089003,0.711294607866476,0.4760793686665104,0.86436429819718,0.8712140894083176,0.983278611912628,1.3347376894375165,1.0598231201954023,1.847417455701506,1.0882303096272075,2.386524261141141,1.0651886979673324,2.9270593985206497,0.9898257429218444,3.442979406316785,0.8636652043881375,3.908405921529312,0.6905602464876923,4.298808082466693,0.47660414378981875,4.592145794714697,0.23002096412146425,4.76996323604362,-0.03896098087170937,4.818423270962026,-0.3182498114458425,4.729274924480382,-0.5940415744438888,4.500747672818557,-0.8509791654181642,4.1383679883810744,-1.0723153173672224,3.655695269077441,-1.2400764330512408,3.074975932260002,-1.3352242700025858,2.4277160106433513,-1.337812797302767,1.755174008379807,-1.227137911813699,1.1087770257999556,-0.9818781084794299,0.5504642169204136,-0.5802246243284883,0.15296249060485664,-0.0,0.0,0.46977662251797475,0.11904227120017984,0.8973259408195895,0.46273058954724,1.2758206198108024,1.008184638477273,1.5998365665707404,1.7294640070466967,1.8652835427672028,2.5982527108368503,2.069330761624649,3.584507690506601,2.2103291870488233,4.657069216081681,2.2877320870509577,5.784231943416285,2.3020152111348056,6.934276100227854,2.25459777074822,8.075958916464028,2.147765210924784,9.178966955443117,1.9845945761209913,10.214330449636549,1.7688830988439046,11.154801102332549,1.5050804794631452,11.975195090019646,1.198225181879495,12.652703197875585,0.8538849436829388,13.167170150824445,0.4781015913903246,13.501345274183784,0.07734016091778612,13.641106639892296,-0.3415577503031956,13.57566083527853,-0.7714165315046796,13.297720439337672,-1.204765183467406,12.803661213851527,-1.6338722287655307,12.093660919945968,-2.0507771377083786,11.17182156052707,-2.4473185130752286,10.046276730339903,-2.8151592821136573,8.72928563222509,-3.145809143679887,7.237315193840137,-3.4306445131141774,5.591111596323786,-3.6609261985858286,3.8157624071717886,-3.827815031177888,1.9407503955013812,-3.9223856577295857,0.0
126,3,-0.8649958802708333,2.2404229582604165,-0.8744508854518687,2.308001795712888,4.991619606052696,5.007178578060959,6.49448601601703,8.963624178469727,-0.0,-0.0,-0.13542162533958785,-0.038981782149652644,-0.16065054672037732,-0.11706389807095714,-0.10045304000462148,-0.18540333553084865,0.021977743365053957,-0.20715444844706354,0.1851974476498818,-0.15663807635152296,0.36967468888694854,-0.018425545793594934,0.5579400753372251,0.2136557754214649,0.7347166777027582,0.5375869307607622,0.8870289541313109,0.9442817911039806,1.0042876552519646,1.4187600192569008,1.0783488547548985,1.9413560816358673,1.1035459445944165,2.4889510496390703,1.0766941695032681,3.036213535602112,0.9970680194919482,3.556836081938469,0.8663525175915867,4.024753662790282,0.6885701016888346,4.41533164452563,0.46998537655118305,4.706511549166335,0.21899048360456705,4.879904225510537,-0.05402581275404676,4.92182149951367,-0.33682199954697284,4.8242389862269235,-0.6154572305053583,4.5856844364257245,-0.8744508854518687,4.212047699993891,-1.0969450076476666,3.717310058032945,-1.2648665749206753,3.1241922566656455,-1.3590868546641253,2.46472202662604,-1.3595754394007469,1.780723162795514,-1.2455469388288811,1.1242293456536423,-0.9955986977343751,0.5578268005246924,-0.5878383006409468,0.1549306075494537,-0.0,0.0,0.475312219459609,0.12046910613722653,0.907402846369875,0.4681004731905687,1.2895163414030595,1.0195346423260285,1.616298315641426,1.7483874994682262,1.8837249614122917,2.6259334256177205,2.0890281122452934,3.621752000166812,2.230617523609597,4.704336476534384,2.308001795712888,5.8416630031401064,2.3217091817578352,7.001720229075648,2.273209346163986,8.152999510728774,2.1648369626505555,9.264946423945142,1.999717875839586,10.308374689281123,1.7816983952041385,11.255843940497472,1.51527814881924,12.082003014921138,1.205546797716893,12.763900625738282,0.8581248002516372,13.281265398193824,0.47910831973960594,13.616757321711377,0.07501828729001968,13.756192695640328,-0.3472464355807346,13.688744634900077,-0.780451904296884,13.407121159984637,-1.2170681007932271,12.90772282982372,-1.6493042895255043,12.190781791462946,-2.06914092682888,11.26048402238546,-2.46835834522648,10.125076433862466,-2.8385624422117623,8.796960390681155,-3.171207605324861,7.292773087050858,-3.4576171030682867,5.633458102977012,-3.6890011653125128,3.844326351961162,-3.856472968170501,1.955108521128259,-3.9510627276072148,0.0
127,3,-0.8512517549166667,2.2384581632291667,-0.8572941942912625,2.290326650012377,4.989053273313819,5.007049822015027,6.391293582444892,8.955763303726004,-0.0,-0.0,-0.1380315681805199,-0.03961451055620221,-0.16620824849982035,-0.11973008371748504,-0.10903255922302667,-0.19160598555294422,0.010544113629833353,-0.21837202450052012,0.17128744794552306,-0.17421117876806616,0.3538366751958838,-0.04346147873221668,0.5408483006813722,0.18035730012908505,0.7171238493500026,0.495584940256792,0.8697186726639174,0.8935213401576902,0.9880292089541743,1.359576189090079,1.063856555313946,1.8744564280456768,1.0914447690391391,2.4153792322485064,1.0674929506399025,2.957297615308395,0.991140843142552,3.474125450407712,0.863928384704704,3.939948746657356,0.6897303424550985,4.330210411120811,0.4746678039648268,4.622856455476383,0.22699887998059487,4.799432642321991,-0.04300854683532863,4.846121867673126,-0.3232188265739244,4.75471409015217,-0.5997818613183278,4.523502282698023,-0.8572941942912625,4.158099634019204,-1.0789643482313311,3.6721749986081544,-1.2467790365881313,3.088105323139044,-1.3416671203582924,2.4375454069588716,-1.3436585178984748,1.7619168374433476,-1.2320356724703037,1.112819240101701,-0.9854756192222275,0.5523680728618363,-0.582181147005909,0.15346405993547899,-0.0,0.0,0.4711170372351456,0.11939194278793998,0.8996651109413408,0.4640140267242531,1.2788366229669312,1.0108197959001946,1.6032326949327118,1.7337139703494908,1.8687929198390467,2.604239496959649,2.0727199804743504,3.5922281152447177,2.2134009171650333,4.66641232391031,2.290326650012377,5.794997481994518,2.3040111662988805,6.94619353282352,2.2559115819101896,8.088706494027639,2.1483500845808483,9.192190410845047,1.9844385730887928,10.22766092500162,1.7680066251565718,11.167871972580183,1.5035332612400847,11.987657398564703,1.1960828237492778,12.664239471649612,0.8512451625745997,13.177506409710617,0.4750802081967533,13.510261093583795,0.07406692253333658,13.648443163908379,-0.3449434560981754,13.58132667172751,-0.7747700154198658,13.301695396628547,-1.207940804259028,12.805997863964805,-1.6367277167507508,12.094483991786042,-2.0531778628332944,11.171325184281987,-2.449141673906206,10.044719566698623,-2.8162979969012074,8.726983930882628,-3.146176428516546,7.234633834142939,-3.4301771352809687,5.588453169597437,-3.6595883955739565,3.8135544056023534,-3.825602087701035,1.939430576719733,-3.9193273344201263,0.0
128,3,-0.8423054213888889,2.2591231398680556,-0.888170940711491,2.26455928812975,4.990274657767432,5.007695525169946,6.324123507631836,9.038441033645215,-0.0,-0.0,-0.12668617542257873,-0.036772576115192114,-0.14415425956874037,-0.10849192803579485,-0.07778280383488918,-0.1669634026545367,0.04881601864219529,-0.17624762950399175,0.21397029895642264,-0.1117331271482665,0.3981029436244392,0.04087334184997431,0.5838637818376283,0.28662819694206265,0.7562367850364702,0.622492384193217,0.9026206913784599,1.038519737115415,1.0128820968964103,1.5190787893959155,1.0793808397213411,2.0440941981717367,1.0969682291938243,2.590294033335946,1.062959328793325,3.1324496319212116,0.977081068125157,3.6445954668011455,0.8413984197848993,4.101217486330535,0.6602212243787293,4.478399591092384,0.43999448086450466,4.754919268689808,0.18917504511201566,4.913284851864891,-0.08190229290669447,4.940708347393929,-0.3611664406132385,4.830009257236481,-0.634956558663523,4.580446240299952,-0.888170940711491,4.1984748113791115,-1.1044158416982566,3.6984305192103477,-1.2661521321784939,3.1031381709595958,-1.3548379254402163,2.444448664859744,-1.3510656000387853,1.763705850467077,-1.2346919149511533,1.1121465558543202,-0.9849601816249343,0.5512375052645202,-0.580613711949213,0.15295330432808849,-0.0,0.0,0.4683175738041434,0.11873937033125165,0.8931899173000736,0.4610689211998269,1.2682803823568476,1.0036248979108329,1.5885856762156978,1.7202114232260934,1.8503655407562332,2.5824497224672833,2.0510699846518907,3.560391525927034,2.1892652156729584,4.62309571734619,2.26455928812975,5.739167837787182,2.277528349244678,6.877262528833785,2.229644240370365,8.006549408793639,2.1232040862921657,9.097143222618529,1.9612623898660935,10.120499393573988,1.7475660411181813,11.04977633593647,1.4864925505380764,11.860166067332559,1.1829917262296021,12.529194791286304,0.842530934167107,13.036995209862859,0.47104401014612085,13.36655237784989,0.07488383099648119,13.50392492856119,-0.3392214990529921,13.438443491830027,-0.7642089337601908,13.16288809164747,-1.1927173633888921,12.673646258497072,-1.617121234587028,11.970853523731392,-2.0295610797883246,11.058517883966907,-2.421971138105827,9.944629735701104,-2.7861042581349276,8.641258687052131,-3.113554276944254,7.164638557171717,-3.3957760695415145,5.535241776595258,-3.624103459950028,3.7778443053189794,-3.7897651793570435,1.92158209115251,-3.883899049172584,0.0
129,3,-0.8673632973055556,2.263429646673611,-0.8803626220240955,2.2832560993840336,4.995885372614769,5.007101942256422,6.512260848448914,9.055670775192318,-0.0,-0.0,-0.13093088043721665,-0.03781253891838439,-0.1527881262084558,-0.11275986631815875,-0.09031910585397708,-0.17655521300586063,0.033334464197130265,-0.19289142902914438,0.19680820101768057,-0.13659482746775672,0.3806750615315436,0.007304046477617835,0.5675900815115359,0.24457597855374572,0.7424164911074678,0.5728664952460938,0.8923302236355122,0.9828270444518444,1.0069003343773868,1.4592924995717984,1.0781434556867722,1.98249244622533,1.1005511087570259,2.5292829445409617,1.0710894400040123,3.0743850555266263,0.9891717162876378,3.591616395545961,0.8566046617893954,4.055102338675933,0.6775104150647345,4.440454204953666,0.4582264960203308,4.725902818695575,0.2071866735495829,4.89337714623046,-0.0652140030736536,4.929519266480169,-0.34676651223523924,4.826628623671944,-0.6236039171383142,4.5835302890127645,-0.8803626220240955,4.20636374859276,-1.1003454381667568,3.7092904742890216,-1.265683333072412,3.1151201672142244,-1.3574930789545794,2.455857043721799,-1.3560284154507585,1.7731688280653464,-1.2408227730863768,1.1187822013264763,-0.9908220461101137,0.5548093224548216,-0.5845063365877688,0.15401068390513523,-0.0,0.0,0.4719264500557738,0.11963835035944048,0.9003594462518728,0.46466946238254636,1.2787441255810787,1.0116487120934108,1.6019106789386293,1.7342032794372735,1.866000614976442,2.6037064319248655,2.0683893174317003,3.589913942026901,2.207606516944061,4.661561198391194,2.2832560993840336,5.7869203320822935,2.2959364691749458,6.934317339189786,2.2471624855230727,8.072609739992117,2.1392897977527063,9.171625775420342,1.9754422274024268,10.202566509409444,1.7594426823053186,11.13837248822915,1.4957479432696232,11.954056813581259,1.1893875379120693,12.627006624266942,0.8459068085851104,13.137255060842081,0.4713141914812291,13.467725817966429,0.07203265075056545,13.604452378718198,-0.3451448466008907,13.536773981946682,-0.7730959737586082,13.257510304964502,-1.2044059964064104,12.763116755910339,-1.6314012479523383,12.053822168476533,-2.0461793550317133,11.133750581113144,-2.440636447189852,10.01102866723669,-2.8064915853967762,8.697880265617489,-3.135308640218006,7.210709343583502,-3.4185158431258973,5.570172611975224,-3.6474232245041436,3.801242901436097,-3.8132381401527735,1.933264305721925,-3.9070790751906688,0.0
130,3,-0.8762199543194444,2.2603106647916666,-0.8630155006144933,2.2958862823992403,4.993983985513081,5.007555224904697,6.578757621944934,9.04319215756964,-0.0,-0.0,-0.14291058577604934,-0.040950494956489406,-0.17342606237873037,-0.12418561167023534,-0.1165570798681443,-0.19982110516395585,0.004237161432907088,-0.23009814281110946,0.16723503093726885,-0.18856063710779908,0.3526266548762375,-0.05914233274151153,0.5426722115596729,0.1648293870740585,0.7218406606126196,0.4817040956226244,0.8769256599216639,0.8826427038125716,0.9971359824616979,1.352803523558504,1.0741584138433595,1.8725667287424461,1.102191863371075,2.418783104655238,1.0779522244022506,2.96603254256111,1.000648338208841,3.4878777086517125,0.871930212507108,3.9580986946530885,0.6958113856271629,4.351895220971833,0.47856797768965,4.647044075682752,0.22861750442858503,4.825000882217425,-0.04361907208985064,4.871936932038536,-0.3258683299508455,4.779703624867686,-0.6041645831486289,4.546718953668916,-0.8630155006144933,4.178772380850438,-1.085569535289064,3.68974630704817,-1.25378183454783,3.1022540735298496,-1.3485756762551355,2.448196013522957,-1.349996910484296,1.7692364387617845,-1.2373593594463739,1.1172055904028784,-0.9893796126416382,0.5544314860821098,-0.5843001285664434,0.15400725696133424,-0.0,0.0,0.4725810540831942,0.11977262510200908,0.9022659989643421,0.46542346619598335,1.2823022452209372,1.013755995141804,1.6073487726469684,1.7385533346875257,1.8734003591606707,2.6112652972333117,2.0777080125470664,3.601656512481763,2.218697329052359,4.678414185361328,2.2958862823992403,5.809714832888405,2.3098037220624255,6.963750044220803,2.2619096392067433,8.10921189213373,2.1545180492036313,9.215739100408516,1.9907231459377248,10.254325446920792,1.7743292083720983,11.19769216529803,1.5097845858114933,12.020626308860617,1.2021199555609912,12.700287169708803,0.8568909348703349,13.216482913859977,0.4801250371368085,13.551919610506573,0.07827288878865005,13.69242480933451,-0.3418364337353539,13.627147763152763,-0.7730361299274738,13.348738311618819,-1.2078586769547497,12.853506342387465,-1.638569339328661,12.14156363435652,-2.0571964290794797,11.216949768676864,-2.4555585623569356,10.087743670805686,-2.8252891561069857,8.766162224283816,-3.1578584018978333,7.268647276582508,-3.4445929442106267,5.615942241156446,-3.676693478518353,3.833159389104653,-3.8452504710324336,1.9498388194935965,-3.941258187735737,0.0
131,3,-0.9528273240347223,2.3172019902430554,-0.9209146712321615,2.313435946190477,4.989877539723054,5.007822835927874,7.153934339762297,9.270806527651445,-0.0,-0.0,-0.133199520695199,-0.03858798920401108,-0.15298287378621717,-0.11430497035037011,-0.08537767085827636,-0.17701547516225535,0.04527376340301571,-0.18918546084897223,0.21652138633701176,-0.12498725627255503,0.40799608398733134,0.03069460546883999,0.6015753743573676,0.2833463206267214,0.7815222517314937,0.62998403198543,0.9345940974985696,1.0603750936880114,1.0501195407715282,1.5583058460913621,1.1200421757389374,2.102879558968076,1.1389310784413296,2.6698279143878647,1.1039590613957315,3.2328196235880915,1.0148505133049037,3.764750473056858,0.8738014543605702,4.2390002203931605,0.6853750671053409,4.630643239976737,0.4563764215503929,4.917601570459221,0.19571039571236845,5.081730953370117,-0.08577309616031596,5.109832487403411,-0.3754425019122104,4.994584573641071,-0.6590527742110216,4.735391819163339,-0.9209146712321615,4.33914943775506,-1.1440620093229164,3.8209233874774666,-1.3104140993764526,3.204547980259611,-1.4009310674534883,2.523143966380115,-1.3957602366758621,1.8195611271958054,-1.2743722117102618,1.146750204018194,-1.0156857433923516,0.5680695598761487,-0.5981808474466948,0.1575323311751826,-0.0,0.0,0.48161455597746117,0.12214815425873617,0.9177013704639086,0.47401836698259614,1.30186562136689,1.0311879764416385,1.6291138743338904,1.7663906638993694,1.8957709612193054,2.6501964704166685,2.0993951698942808,3.6516497661170475,2.2386931794014044,4.73886469576764,2.313435946190477,5.879578284089495,2.3243765305288817,7.041661932334368,2.2731706513603527,8.193592481280474,2.1623005756184392,9.304884363557088,1.9950027857744186,10.34648462980254,1.7751997276932667,11.291132818769636,1.5074358193751736,12.113687761328363,1.1968177989731295,12.791423472277765,0.8489594062829401,13.30429630130768,0.4699303241170126,13.63518549395432,0.06620925286790572,13.770109262748422,-0.35535904863644596,13.698418394856187,-0.7876029519409559,13.412969331370931,-1.2230595929757746,12.910278550178447,-1.6540071784884072,12.190659973331094,-2.0724941972977025,11.258347004718493,-2.470365768742599,10.121600687436137,-2.839287356572633,8.792805354948866,-3.170766069273519,7.288553037724067,-3.456169758265642,5.629717778821095,-3.686744114249737,3.841520908941249,-3.8536279497761146,1.9535882343223423,-3.94786684334806,0.0
132,3,-0.9739289995763889,2.3074607948333337,-0.9035300022400619,2.300631847866239,4.996613434897288,5.008259869075953,7.312368084761144,9.23183334431575,-0.0,-0.0,-0.13303625660256665,-0.03845789290260369,-0.15446681942163176,-0.11444327508551892,-0.08967944126913904,-0.17856411787033255,0.03756828628101724,-0.19372276566561072,0.2053365488751113,-0.13425348805947449,0.3936776714378256,0.015030639642190384,0.5847930862302384,0.2598738554219007,0.7631690920292329,0.5976871613421358,0.9156880782226439,1.018719646538118,1.0317125236273699,1.507278713059332,1.1031398371806225,2.042985075051979,1.1244269518714989,2.602047643593921,1.0925844737200865,3.1585430867640008,1.0071410803027327,3.6856849794402953,0.8700797141959912,4.157068019920532,0.6857478848467365,4.547873759407739,0.4607450429323826,4.836025615318125,0.20379049782771613,5.003282554461732,-0.07442430515304879,5.0362626608603085,-0.3613951514999242,4.927389763117487,-0.6429720547134433,4.675758305246524,-0.9035300022400619,4.287913624507714,-1.1261398288242206,3.77854668042763,-1.2927359595261405,3.1711040026595008,-1.3842782031365306,2.498315147118411,-1.3809052613985078,1.8026412396283487,-1.2620781230398366,1.1366492279689078,-1.0067120098131015,0.5633172534780646,-0.5932960142525265,0.15627710020760516,-0.0,0.0,0.4781726387080744,0.12125682778212397,0.9115074726253376,0.47069140266165843,1.2935137549076479,1.0242016978024338,1.6191120897425448,1.7547964401639629,1.8845534485888042,2.633280699234928,2.0873352756192243,3.6289001817297235,2.2261163516103752,4.709943204007008,2.300631847866239,5.844300089236177,2.3116097670288123,6.99998039315658,2.2606897431831814,8.145588904034321,2.1503449648823505,9.250761795689442,1.9838077951868411,10.286564646040857,1.7649994945897374,11.225854277694834,1.4984643065702585,12.043606542583394,1.189308041283999,12.717212270574326,0.843141189607308,13.226743643060992,0.46602651593628547,13.555193246918588,0.064431011994594,13.688688021181335,-0.35481795655126896,13.616680236697219,-0.7845725156706876,13.332117555188887,-1.2174003908853177,12.831594104918153,-1.645617503046204,12.115484390865676,-2.061317304859538,11.188061732434655,-2.4563971119754626,10.057602794774466,-2.8225816783348234,8.736479653758556,-3.1514442575108497,7.241240711656251,-3.4344253810155254,5.592681662263381,-3.662849571826219,3.8159075918849874,-3.827940197437492,1.940387196884857,-3.920832652130354,0.0
133,3,-0.9896151638958334,2.3486068679375,-0.935793140658586,2.333861141111569,4.988880046136568,5.008888896684188,7.430141564544286,9.396453124864667,-0.0,-0.0,-0.13013730693040107,-0.03780108611540414,-0.14733919671623902,-0.11132283589834188,-0.0775759540590101,-0.1706553988380024,0.0548555832686398,-0.17846451952772008,0.22753673417983836,-0.10910303904359123,0.4201148905350082,0.05237596211769056,0.614470018750631,0.3112948076100354,0.7948556994505149,0.6645039083823182,0.948011405961791,1.1015978952662635,1.063243607800303,1.6061801777959297,1.1324742620967012,2.157159940547279,1.1502562731729493,2.7300651234864337,1.1137565058654078,3.2983549758313395,1.0227078820003281,3.8347163052141773,0.8793329281039375,4.312328523482507,0.6882418413558713,4.70608395565648,0.4563086761241506,4.993751553057942,0.19252961284124942,5.157074050085689,-0.09213254654163137,5.182790637864833,-0.3849134976606118,5.063579310459817,-0.6714181443710696,4.79891509063128,-0.935793140658586,4.395842292680001,-1.1608978661160374,3.8696607729728147,-1.3284708708954063,3.2445277115620326,-1.4192893026547546,2.553977832432096,-1.413319321705079,1.8413660904379474,-1.2898559987466982,1.160237727203552,-1.0276516537585099,0.5746312336817789,-0.6050320206136373,0.15932016946538638,-0.0,0.0,0.48684943711953227,0.12348744685478194,0.9274189799904677,0.4791277961633153,1.31528752183591,1.04211504845405,1.6454515885752352,1.784790495192071,1.9142413217675571,2.677330650160583,2.1192344382317296,3.6883925978372805,2.2591696937132495,4.785716138939287,2.333861141111569,5.936682817495496,2.3441142468802867,7.108832501803048,2.291644717320881,8.270338669750092,2.179000693017237,9.390443925659605,2.0094887966081205,10.439857560794165,1.7871043673145854,11.391117173423433,1.5164660850593035,12.218916497548678,1.2027550768681836,12.900401662431326,0.8516585072666605,13.41543812790665,0.469317580976971,13.746850522272036,0.06227982860103559,13.880637558667983,-0.36254449773159436,13.806164129745637,-0.797922123421801,13.51633258552693,-1.2363327712241865,13.007735091289863,-1.670001740699317,12.280788845755835,-2.0909292919161993,11.339855818720974,-2.4909170781159657,10.1933485447312,-2.8615918676856067,8.853823387973037,-3.1944267880310817,7.338062575196214,-3.4807603136827727,5.667146179666314,-3.7118132089695157,3.8665151309197663,-3.8787036224865203,1.9660262231682735,-3.9724605168663514,0.0
134,3,-1.0191787849930556,2.384292327673611,-0.9600201951587584,2.3427523331457403,4.990505898314419,5.00966638066583,7.652108545171545,9.539225742209554,-0.0,-0.0,-0.12411746980782246,-0.036293379812752574,-0.13557186035679294,-0.10534880238471275,-0.06069782096866064,-0.15748692192560818,0.07592376481261578,-0.15576627380819366,0.2516730463479647,-0.07505382366163031,0.44607806254238846,0.09900320955951238,0.6409768372709649,0.3710929350497844,0.8206511265777866,0.7374284639486848,0.9719291241654536,1.1869967886357984,1.0842554084995994,1.7028508757163094,1.1497274254315653,2.263428374824716,1.163098795645133,2.8438802427902523,1.1217506712936305,3.417392964504332,1.0256332022000274,3.956488877843587,0.8771798786308715,4.434290322746699,0.6811980741349041,4.8257348637278685,0.4447395073042122,5.108730602511116,0.1769545740272873,5.265242521770043,-0.11106542129478197,5.282302802219591,-0.4064541722282721,5.152940058814539,-0.6947406393072852,4.8770243811173355,-0.9600201951587584,4.462026881987217,-1.185123524644803,3.92369411329721,-1.3517805764847095,3.2866391652314744,-1.4407773096283434,2.584852506546376,-1.4321034328604365,1.862136637692661,-1.3050897817837142,1.1724694173109886,-1.0385343988311884,0.5803014938973675,-0.6108167681214705,0.16079364340902969,-0.0,0.0,0.4906940741800995,0.12449426695359901,0.9340813951038655,0.48280132702607587,1.3238743728858,1.0496354378655788,1.6551950981708228,1.7969229632017978,1.9244905102799779,2.694486103561465,2.12944598310534,3.710683751776057,2.268898745621248,4.813009045711212,2.3427523331457403,5.968643843584384,2.351893054817589,7.144970892120005,2.298109266316777,8.310044900753258,2.184014057476172,9.433024084009025,2.012971803779034,10.484563998041285,1.7890288895172402,11.437175685697408,1.516848788529534,12.265550267098167,1.2016515852817866,12.946852179136007,0.8491579334884964,13.46098328657844,0.4655373801059255,13.790820068078295,0.05736092777179944,13.92242603004415,-0.3684423330390934,13.845241426905847,-0.8046247214005676,13.552252273877443,-1.243655812987101,13.0401405331044,-1.6777548696558449,12.309417240526646,-2.0989200904407546,11.364540222599983,-2.4989549234143418,10.21401793223179,-2.8694916741321554,8.870500814336506,-3.202012639309377,7.350861495204957,-3.487868984837932,5.676264977855462,-3.7182975759558454,3.8722299187444666,-3.884435954928075,1.9686819603847565,-3.9773356484818065,0.0
135,3,-1.0063347804097222,2.3975031326041667,-0.9375443822661603,2.329579683146155,4.990579194191241,5.008343776679056,7.555674319230493,9.592080356136792,-0.0,-0.0,-0.13427759870785222,-0.03891840741944497,-0.15379812745530475,-0.11515942547277895,-0.08484524762041631,-0.17798023592435314,0.04796446390296064,-0.18937233747865514,0.2218969433598946,-0.12317355303393399,0.4162990988032833,0.03592366035463013,0.612775115027668,0.29345779758446666,0.7953360248542276,0.6463655359575902,0.9505187847798915,1.0842162646117819,1.0674720832412818,1.5904979280010088,1.1380072182704097,2.1439370860716425,1.1566135462211096,2.7198355523930005,1.1204391598240298,3.2914060131664464,1.0292385398736752,3.831089634832393,0.8852898855040016,4.311839786540612,0.6932856196922051,4.708357561919708,0.4602001596849342,4.998266689861348,0.19513942188322367,5.163217572830979,-0.0908233024647752,5.189912476378148,-0.3848204972654014,5.071046211370506,-0.6723682022901795,4.806158906803648,-0.9375443822661603,4.402399585648887,-1.1631643030850554,3.875201165846273,-1.3309498665463926,3.2488691682405917,-1.4216904241537398,2.5570877961021146,-1.415393164551728,1.8433481467124173,-1.2914217218885442,1.1613041286642034,-1.0286221632426917,0.5750622050782447,-0.6054359678063651,0.15941138766286408,-0.0,0.0,0.4869028555242491,0.12351266201906616,0.9272575014896023,0.4791364086629167,1.3146843837809685,1.0419409345430635,1.6442318834279899,1.784166787813356,1.9122875843661413,2.6759172452727262,2.1164882271979,3.6858054227387838,2.255629892058083,4.781556361032789,2.329579683146155,5.930564531211248,2.339189934878519,7.100407774948904,2.286215729528024,8.259319147426428,2.1732363112805366,9.376618472694929,2.003580802879589,10.423105668170527,1.7812584782410579,11.371418058735408,1.5108937164804148,12.19635399462552,1.1976656579558609,12.875165122876231,0.8472524990497972,13.387819650603465,0.46578029714528035,13.717238889716848,0.059776108204710375,13.849509295501536,-0.3638747558197351,13.774072113383724,-0.7979675860357401,13.483892635487576,-1.2350135023144693,12.975610946608976,-1.6672713019561995,12.24967591231673,-2.086776187566551,11.310464033526161,-2.485365625557507,10.166384664801956,-2.854702578269728,8.829972969917105,-3.1862963417116985,7.3179718693577795,-3.4715212081528644,5.65140412159771,-3.70163315896331,3.8556355737748698,-3.8677847786980926,1.9604305182924515,-3.9610385669004287,0.0
136,3,-0.9372669984375,2.294566947590278,-0.9398933304382742,2.324080413661023,4.988656759903867,5.007786186483672,7.037105671209344,9.180246834511776,-0.0,-0.0,-0.12843077614722234,-0.037353350455560735,-0.14440175009222037,-0.10969560178818268,-0.07381932956534233,-0.16733883856503617,0.059083478608349164,-0.1731386220466197,0.23194776638242576,-0.10160656699651391,0.424473878861625,0.06207374181312369,0.6185864633891431,0.3231185657820248,0.7985753168731581,0.6782924613189656,0.9512085785672777,1.1171203670366028,1.065815610633074,1.6231488017826734,1.1343378184122948,2.1752405406601234,1.1513466419310596,2.748886505133253,1.114028950818908,3.3175184694108992,1.0221410466990521,3.8538065465738187,0.8779333729945367,4.33092624799602,0.6860488107516703,4.723781159884595,0.4533980679194773,5.0101688840600955,0.1890161264933701,5.171879765531818,-0.09609601356007608,5.195719987924264,-0.38913996184517624,5.074452767888811,-0.6756946824505609,4.8076535328452135,-0.9398933304382742,4.402477042139355,-1.1645985067776867,3.8743363410080565,-1.331572705403127,3.247495164869584,-1.421641235350593,2.5555768992452927,-1.414845441796707,1.841994424625636,-1.2905845940797678,1.160306127220929,-1.0277453322805452,0.5745040403176269,-0.6048180474390498,0.15924051229890596,-0.0,0.0,0.48626930107431837,0.12335749047296513,0.9259283344364282,0.4784925490094484,1.3126240975253491,1.0404506998318754,1.6414275295465117,1.7814604937740999,1.9087468979009,2.6716239480636843,2.112239155657057,3.679563098046844,2.250720914329041,4.773022068480014,2.324080413661023,5.919424828259642,2.3331916174561202,7.0863894195778485,2.2798313283881764,8.242199957185736,2.1665999997310146,9.35623808521683,1.9968467307074642,10.39937586915752,1.7745987658394766,11.344332301277838,1.5044956771902551,12.16599572163435,1.1917282907316649,12.84171451582505,0.8419823226007298,13.35155845654169,0.46138661566952344,13.678553019219315,0.05646580936281853,13.808888932228195,-0.36590276633477753,13.732109127424707,-0.7985282105456186,13.44127514464554,-1.2339414405085658,12.933114919930606,-1.6644271144176126,12.20815375688674,-2.082052354211911,11.270830147687413,-2.4786925304807044,10.129597977929182,-2.8460543634612216,8.797016520379785,-3.1756965828528623,7.289829498371259,-3.4590483758097936,5.6290343814996415,-3.6874258377922446,3.8399429652416366,-3.852046625584603,1.9522341825840082,-3.9440429962197707,0.0
137,3,-0.9140471510138889,2.321368078409722,-0.9252647189887041,2.307279910648614,4.990361405972508,5.007587410101171,6.8627684543205465,9.287474473533129,-0.0,-0.0,-0.13467202278355653,-0.03904242931434978,-0.1542125457763549,-0.11549207278327848,-0.08530342646254782,-0.17852329801459713,0.04715871641863302,-0.1902144547562498,0.22027717316041573,-0.12460072147356294,0.4133464959222137,0.033374759777015796,0.6080160101583119,0.2889986345543622,0.7884219080468547,0.6389991157336715,0.9412854296385694,1.0728154120194775,1.0559757930791276,1.5739074656384133,1.1245377000841965,2.121088282399993,1.1416843553455776,2.6898613319106084,1.1047579443911175,3.25374622197083,1.0136603700644355,3.785577044356624,0.8707577227988836,4.258759365995777,0.6807624378561093,4.648473705002459,0.450597370987078,4.932815385398513,0.18924611204409353,5.0938628096843,-0.09240622670064334,5.118668334102763,-0.38173773791274007,5.000167998430816,-0.6645562934358534,4.738008285803741,-0.9252647189887041,4.339289819614881,-1.1470217955627644,3.8192294110540645,-1.3118968082322773,3.20174313447288,-1.4010158548597842,2.5199541239044048,-1.394698596483959,1.8166295592147808,-1.2725845631852821,1.144551859669925,-1.013748513883535,0.5668294475150212,-0.5968046800855247,0.15715260976558443,-0.0,0.0,0.4802541982419831,0.12181163002697057,0.91496442768321,0.4726554280524452,1.2978599199690997,1.0281326191369404,1.624046527542326,1.7610566876059313,1.8899223980334297,2.6421206487828273,2.0930932907727984,3.6405220141234986,2.2322887228348605,4.724545577268896,2.307279910648614,5.862104686117882,2.318800271744114,7.02124209779778,2.2684690713585725,8.170591849813935,2.1587186409275514,9.279803832675928,1.9927254595679504,10.319932927940494,1.7743452744998993,11.263794691537813,1.5080523404897708,12.086289625485751,1.1988827800907038,12.764698100868078,0.8523820038385875,13.278947979572315,0.47455608072743916,13.611856939118411,0.07182691238072293,13.749351440385004,-0.34900896240450796,13.680664197674869,-0.7808181242615223,13.398511919025985,-1.216164793655352,12.899254985866307,-1.6473423231020756,12.183040638227885,-2.0664018699895035,11.253931127365037,-2.465178455933248,10.1200181938102,-2.8353146129889537,8.793525127237992,-3.168281809380529,7.290897566190853,-3.4553998382915143,5.632884101618358,-3.6878543431920376,3.8446076588963574,-3.8567126425338945,1.955628548899259,-3.952938005758311,0.0
138,3,-0.8837478752916667,2.294779292388889,-0.9538209112145569,2.3109700976529806,4.988436632273055,5.009180433240969,6.635278096318142,9.181096396851771,-0.0,-0.0,-0.1288653001074616,-0.03756916105042813,-0.14315268777268045,-0.10977759492788006,-0.06961726920888935,-0.1660946260550785,0.0667680388661572,-0.1689310036426529,0.2430295411240309,-0.09269276535836962,0.43838826296218514,0.0772682554488097,0.6344289107593664,0.345795229710701,0.8152381461739405,0.7091440935081937,0.967509068864024,1.1562621040467647,1.0806099650423884,1.6701097591744312,1.146616597220822,2.2290079812150827,1.1603085150587584,2.8079924066535424,1.1191309942249024,3.3801571493820415,1.0231252043494057,3.9179714637447884,0.874830025805468,4.394554246833575,0.679159550300357,4.784893192019915,0.4432606995875908,5.066997532089606,0.17635558219146452,5.222975582580507,-0.1104268052793218,5.240030610376096,-0.4042251130573509,5.111370815679514,-0.6906223201314916,4.837031347820075,-0.9538209112145569,4.424608214365317,-1.1768134058133661,3.8899056439925146,-1.3415456432699508,3.2574998992588218,-1.4290707821923438,2.561223694594678,-1.4196925098219544,1.8445762601758713,-1.2930964569889993,1.1610647176540856,-1.0284692634038246,0.5744828212807573,-0.6046051274166689,0.15913329563405249,-0.0,0.0,0.48527073361107165,0.12313622129506337,0.9233675906663582,0.47740014639246126,1.308159782309296,1.0376119184528094,1.6349171692485926,1.7758801807998552,1.9002200647173904,2.6622798955517566,2.1018687547044546,3.6654849318972285,2.238794070741406,4.753355627408847,2.3109700976529806,5.8934821293862845,2.3193298674101146,7.053684805640858,2.265684683195038,8.202473386901836,2.152647536095604,9.309466778594736,1.9835609204066842,10.345775670802933,1.7624292213618866,11.28435019419157,1.493855739664748,12.10029492831377,1.1829843284579875,12.771153577902492,0.8354455481713349,13.277165602295758,0.4573071907594088,13.60149702175036,0.05502898494881081,13.73044753964199,-0.3645787338682834,13.653636017910586,-0.7943926234993046,13.364166230041366,-1.227010448870732,12.858774695892665,-1.6547819576241276,12.137962279458586,-2.069836763163869,11.206111107116262,-2.464109475106052,10.071588242332886,-2.829362308287897,8.746837434925816,-3.1572053905899127,7.248460150043686,-3.439114977497169,5.597286974945306,-3.6664497681476296,3.818440400959379,-3.830465504036241,1.941389884020052,-3.922328017917658,0.0
139,3,-0.954044266326389,2.3723927140069443,-0.9469465311800924,2.3057909507442758,4.991180398117643,5.0065990089288865,7.163071278880498,9.491617024228995,-0.0,-0.0,-0.13050713531434616,-0.038007122341151806,-0.14588410398750834,-0.11132761409465404,-0.07307518111881076,-0.16920373229018462,0.06280093928860662,-0.17390296049734494,0.23866834883179155,-0.09975001855158337,0.43368696321938793,0.06794390062963282,0.6294167435865679,0.3340413835434307,0.8099494441456863,0.6948131704254225,0.9620053610219349,1.139229734139719,1.0749937600132726,1.6502921829375368,1.1410368686725312,2.206384248337745,1.1549584671698407,2.782627353018135,1.1142391474900875,3.352221535370256,1.0189411877715049,3.8877562687770846,0.8716066777545022,4.362476867643557,0.6771330165383269,4.751494120141512,0.4426301831483917,5.03292692650764,0.17726426405677764,5.188969950692715,-0.10790837009730901,5.2068805190479726,-0.4001120865659298,5.079881141348978,-0.6850244164790941,4.8079760203652615,-0.9469465311800924,4.398681706115255,-1.1689689087362782,3.8676736059205545,-1.3331298467432662,3.2393513627807327,-1.420564991459331,2.5473271574867233,-1.4116465443275525,1.834841780801523,-1.286111259527724,1.1551138765019369,-1.0231767496618567,0.5716280961798237,-0.6016459647553067,0.15836805874466017,-0.0,0.0,0.48314118719078486,0.1225851726089264,0.9195618197098826,0.47534624202858516,1.303132163179163,1.033330908061923,1.629108797678792,1.768872242729553,1.8940462751858018,2.652259793976044,2.0957086957785904,3.6523664417144217,2.232982426081738,4.737231281551341,2.3057909507442758,5.874599364291652,2.3150126359255228,7.032419560843677,2.262401994692848,8.179302163396398,2.150514878553582,9.284938086297656,1.982637876723755,10.320481705574299,1.762722084147686,11.258899485800637,1.4953212992038294,12.075286597690182,1.185534630639223,12.747153739167528,0.8389534285831383,13.254686345621476,0.461612404472218,13.580978319392196,0.059944767385879,13.712242331139455,-0.3592588222462364,13.637998652441937,-0.7888876980927854,13.351244374743573,-1.2215452590826057,12.848604758711362,-1.6495798968199515,12.130468343569863,-2.0651130089687086,11.201107330737143,-2.4600643237610407,10.068784642233627,-2.8261747534027206,8.745848943502663,-3.1550269847089525,7.248818813683956,-3.4380640044471757,5.598457144880611,-3.6666057451083036,3.819836756133582,-3.8318640245942004,1.9423981180021292,-3.9249559409297845,0.0
140,3,-0.9336970482714286,2.2581558312500003,-0.9569999191354669,2.292959143174459,4.988915819968828,5.007540700551374,7.010302085249871,9.034570964877677,-0.0,-0.0,-0.12652523138138486,-0.036984903236502206,-0.1386064825454726,-0.10746027293692412,-0.06325450598731373,-0.16102952207886648,0.0743790455554583,-0.16034605439016064,0.25121643341274036,-0.08012910272946808,0.44644424628498847,0.09392195214122842,0.6416747416481399,0.36630137685701786,0.8210744322589681,0.7329434934272322,0.9714573694982475,1.1825246358766253,1.082341791387051,1.6978026194696112,1.1459700318596462,2.2569753284349128,1.1572927629436227,2.835040273704263,1.1139197039911835,3.4051377794062514,1.016039834589484,3.939861757025342,0.8663148569163125,4.412523730285174,0.6697501509895945,4.798357780106181,0.4335477492672508,5.075656280291596,0.16694593548936137,5.226828585592282,-0.11895003254525831,5.239377117047069,-0.41134183665402063,5.106787480102409,-0.695912790334684,4.829331279767597,-0.9569999191354669,4.41478211197291,-1.1777605595638474,3.8790467767642345,-1.3403311483168407,3.2467150587547446,-1.425976409696055,2.5515324496251774,-1.4152276581738576,1.8368009547567918,-1.2880093991465635,1.1557136490239983,-1.0237538231590135,0.5716289497915791,-0.6015031412911687,0.15829068685545133,-0.0,0.0,0.48236129664013155,0.12241411158126318,0.9175011727782946,0.4744828973208012,1.2994327821655434,1.0310395742323564,1.623548962938349,1.7642726123473074,1.8865318187413127,2.6443929888382534,2.0862625867382514,3.6402562486658154,2.2217330039731724,4.719939828513586,2.292959143174459,5.851276645516512,2.300898471623301,7.002346382466012,2.2473706938322673,8.141926228724914,2.1349827709072624,9.239903073453867,1.9670583660166447,10.267649307330014,1.747571845075838,11.198364482641662,1.4810868628100988,12.007385120611334,1.1726994847337944,12.67246494921425,0.8279857331024324,13.174027813740407,0.45295339735839424,13.495395433914183,0.053997914877704487,13.622992092476563,-0.36213789606527075,13.546528236654588,-0.7884004840987482,13.259164860837009,-1.217458833863083,12.757660420119759,-1.6417345986474718,12.04250190347676,-2.0534293358308924,11.11802157476964,-2.444549077932336,9.992500771662417,-2.806926462990301,8.678262038284098,-3.132240637058573,7.191750758292656,-3.4120351294528883,5.553607351598905,-3.6377338885201778,3.7887310008868806,-3.800655652533792,1.9263357834680168,-3.8920268171611436,0.0
141,3,-0.88307514,2.2797924660694444,-0.9421171162065253,2.2866963709338752,4.987501026650524,5.006597258333945,6.630227124349534,9.121136165565888,-0.0,-0.0,-0.12855097330073378,-0.037491733355558055,-0.14265239130039992,-0.109485296627121,-0.06929972341590003,-0.16557896380974582,0.06640267931890548,-0.1684050718158103,0.2414487497078276,-0.09263169130388216,0.4351121225728126,0.07613303203508004,0.6290978530160691,0.34251996525816714,0.8076614724678688,0.7026458709313479,0.9576935000193721,1.1454112370247478,1.0687686393505376,1.6538315428533519,1.1331599817654925,2.2063843397332508,1.1458195524091335,2.778354943459658,1.1043274363799505,3.343164434807333,1.008812470954414,3.8736649767872806,0.8618480676500069,4.343389102345454,0.6683271232112202,4.727741514543303,0.4353201927061154,5.005123981727018,0.1719211413646175,5.157986014426228,-0.11091561705133315,5.17379609770838,-0.40054242474015195,5.045930252111047,-0.6827866949157377,4.774476550624325,-0.9421171162065253,4.366955885020619,-1.1618050814396172,3.838960722705706,-1.324079151939298,3.214714809061249,-1.410270842346988,2.52755774571396,-1.4009504645553754,1.820359118100116,-1.2760521887737115,1.1458673698847701,-1.0149878552815004,0.5669989469226759,-0.5967493961928216,0.15707338307760632,-0.0,0.0,0.47912717618998746,0.12156938609683467,0.9118775998749324,0.47138965251971554,1.2922059573381368,1.0247023856215238,1.6154328550848371,1.7540715935325453,1.8781580551976664,2.630045000649272,2.078173746447705,3.621771915977548,2.214379003661319,4.697577990727651,2.2866963709338752,5.825497701850315,2.295991306251867,6.973765815656707,2.2439950477578448,8.11126940922951,2.1332313059622385,9.207962267573555,1.9669470514847653,10.235243642055806,1.7490475535493908,11.166303461061993,1.4840357291504231,11.976436136820784,1.1769557849440564,12.643325122148516,0.8333410717245213,13.14730034573125,0.45916602298240483,13.471570601861885,0.060802012699629315,13.602432896749196,-0.3550230585262267,13.529460664184056,-0.781261657336916,13.245672663214906,-1.2105802099772303,12.747684263504976,-1.6353896160638994,12.035842713468718,-2.0478729063401495,11.114347874743157,-2.4400102630146496,9.99135979612118,-2.8036016145084615,8.67909439236866,-3.1302870076026723,7.19390838957076,-3.4115649497084037,5.5563745996760145,-3.6388089027764687,3.7913484933169537,-3.803282098637235,1.9280269521449878,-3.896150833640215,0.0
142,3,-0.8829386577569445,2.292388858097222,-0.9190486566079519,2.2612493525666726,4.987358483077637,5.0069634901505955,6.6292024003720265,9.171532597956196,-0.0,-0.0,-0.1367938022316488,-0.03962363924848699,-0.1574438141873595,-0.1174455297692326,-0.08899929767679536,-0.18222868615228294,0.04334592209825615,-0.19580621838524462,0.21646654009979877,-0.13209942249071435,0.40949422517343365,0.023964720839796165,0.6039768989033295,0.2776231507286731,0.784005288053814,0.6255179136311683,0.9363043314557963,1.0569919166557662,1.0502882287372635,1.5554213198350746,1.1180791313483236,2.0995663385817984,1.134490630895436,2.6649225201388687,1.096978238441108,3.22505540088779,1.00555992518755,3.7529027749216497,0.8627104779319942,4.222030518781604,0.6732338950581591,4.607829920969417,0.4441183085542106,4.888646651384083,0.18437797570086417,5.046833771130594,-0.095113237640984,5.069723431472262,-0.38179273250116696,4.950514059184317,-0.6615806505512217,4.689071807235246,-0.9190486566079519,4.292646814907898,-1.137583259207642,3.7765063378500914,-1.2995414346222443,3.1644880600065766,-1.3863968468406647,2.4894778840643315,-1.3788754535057504,1.7938172248182565,-1.257079740323792,1.1296453196184841,-1.0006012240775028,0.5591823469679146,-0.588621201835313,0.15495923734781253,-0.0,0.0,0.4729970294892522,0.11999914770442524,0.90050849942071,0.46540801492437267,1.2764640226917803,1.0119073890002568,1.596161152183312,1.732488531705504,1.856176737000529,2.598115001440896,2.0542786233711894,3.578340186125198,2.189338862388315,4.641881019870969,2.2612493525666726,5.757148878148628,2.270840634317491,6.892739056398002,2.219804367309112,8.017880548023003,2.11061986040747,9.102848061845247,1.9464848866882827,10.119338368661932,1.731250901438278,11.040813153249045,1.4693626872478756,11.842810582833843,1.165802375136002,12.503227795589432,0.8260377319393529,13.002576471858294,0.4559745597583714,13.324213584267275,0.061913020987658746,13.45454933726164,-0.3494923195794901,13.383234207452004,-0.7712689576682779,13.10332688819884,-1.196159646273983,12.611444828876499,-1.6166525562988414,11.907898944340674,-2.0250086280865705,10.996813955702182,-2.413286334575331,9.886235711459937,-2.7733640681060217,8.588226729772995,-3.096960352560024,7.118951099166899,-3.3756520710419244,5.498749776961981,-3.6008908872383154,3.752207232607102,-3.7640180262452505,1.9082102971173132,-3.8562775683537702,0.0
143,3,-0.9019739155902777,2.2478774984236107,-0.9005725939201997,2.2421130010303028,4.988545102551296,5.004821117264155,6.772121249616897,8.993448768598935,-0.0,-0.0,-0.13418523916267797,-0.038907949722630064,-0.15376179478564356,-0.11509346587359989,-0.08572684816617976,-0.17807873206204403,0.04488227530181541,-0.19040328131003353,0.21518420237128005,-0.12659391703102743,0.4046206879174917,0.02795633426662269,0.5950918023155252,0.2781849661524583,0.7710571741242284,0.6206159008392854,0.9196024613253083,1.044657337478783,1.0304713130743315,1.5339241761378555,1.0960640816354028,2.067568038526827,1.1114054107984401,2.6215987591866123,1.0740835344681343,3.1701824678955832,0.9841646515488961,3.6869029414668417,0.8440860968600897,4.145974681958466,0.6585322091442984,4.523398090441251,0.4342968212248808,4.798049068152905,0.18013618506865053,4.952697316503141,-0.0933840792993021,4.974949461921278,-0.37404473105082386,4.858114851766324,-0.6481284400901942,4.601993417426058,-0.9005725939201997,4.2135863569220255,-1.1151172872302377,3.7077315398825483,-1.2744468133330724,3.1076664805977487,-1.3603233694097538,2.445522466062916,-1.3537120508363603,1.7627539777037342,-1.2348965364752844,1.11050792455045,-0.9835851525628908,0.5499374314959052,-0.5790072461110061,0.15246501986130861,-0.0,0.0,0.4659503996215867,0.11818129408008096,0.887797780737337,0.45859214297889844,1.2595027205462717,0.9976146917848644,1.5763414187393436,1.7089436284850317,1.834825180783756,2.5642238722812056,2.0326202667833715,3.533648053045875,2.168469018408453,4.586514200489531,2.2421130010303028,5.691744473303912,2.2542187404400895,6.818366086926616,2.206306493795805,7.935955852578076,2.1006823724896133,9.015049928826816,1.9403740297379577,10.027520518871786,1.7290700368080842,10.946921330268145,1.471062997629456,11.748803656653456,1.171196390699243,12.41100495017043,0.8348150782354288,12.913911735032803,0.46771938403042873,13.240698672626275,0.0761226120376953,13.3775455315569,-0.33338814390778915,13.313833746368829,-0.7538880638678851,13.042324169843837,-1.178147713227194,12.55931753889079,-1.5986633808794566,11.86479908554651,-2.0076848245536763,10.962568634599293,-2.397240601972123,9.860357439469013,-2.759161162535374,8.56993291954693,-3.0850998684720143,7.107192376227333,-3.3665521073369384,5.492246682112002,-3.5948726497807866,3.749494858886605,-3.761291397964509,1.9076903845249429,-3.8569276611199133,0.0
144,3,-0.8828212912291666,2.2338850415694447,-0.8816379596921494,2.220458552821524,4.990675096858283,5.006477164728199,6.6283211993272735,8.93746687280923,-0.0,-0.0,-0.13724292936620683,-0.0396753959984191,-0.15977729079876482,-0.11813460107477795,-0.09453604770533869,-0.18483438730213742,0.03351905508231859,-0.20221370144968281,0.20158807406338866,-0.144659275097228,0.38919446140130504,0.0026169496376102796,0.5783148411217045,0.2447733323391907,0.7534752335208807,0.5785905957961971,0.9018130954085934,0.9937634575374305,1.0131055950066497,1.4742148019289665,1.0797654940785757,1.9994158161251436,1.0968068293275155,2.545696410527692,1.06178324532518,3.0875315124751594,0.9747023194105663,3.598790377341308,0.8379195336535545,4.053937817228721,0.6560156984245383,4.429178118953409,0.4356616323661466,4.703534331152557,0.1854737760599715,4.859857475696931,-0.08413581401409446,4.8857620233287395,-0.3611119528897517,4.774485622380345,-0.6319085184382279,4.525672550072962,-0.8816379596921494,4.14608164778135,-1.0942161354424544,3.65022059508868,-1.2525008896009837,3.0609092719256408,-1.3384231430749887,2.4097756604725222,-1.3331096256965453,1.7376882612996387,-1.2169966798197587,1.0951293578519294,-0.9699348360792622,0.5425136786847096,-0.5712840903630859,0.15045709779328556,-0.0,0.0,0.4601670196363287,0.11669699708308276,0.877155045052807,0.45296285299609934,1.2449175248425612,0.9856405513037566,1.558709809876778,1.6888785502379626,1.815010422678162,2.5347620566323354,2.011442686833635,3.493904984658745,2.1466975856262773,4.536003003949117,2.220458552821524,5.630348474025355,2.233328749194797,6.746308375376146,2.186761246204992,7.853766590554692,2.082992422881812,8.92353206985073,1.9249787827569693,9.92771454366346,1.7163373134878137,10.840069525469335,1.4612894414683433,11.636314392465007,1.1646085758711977,12.294417342158086,0.8315711898571794,12.794861008287077,0.4679113497886638,13.120882483713805,0.07977857490741466,13.258691445926193,-0.3263011111161391,13.197668016475188,-0.7434610901931934,12.930541912426149,-1.1645271844436484,12.453554368585353,-1.5820479838093395,11.766604226243262,-1.9883226368145306,10.873379499411936,-2.375426273599922,9.781475644607841,-2.7352332270950823,8.502501676401623,-3.059438213220487,7.0521751892062055,-3.3395756247599544,5.450407266846073,-3.5670370863829275,3.721378185889695,-3.7330874105271388,1.8936047469094603,-3.828879085725119,0.0
145,3,-0.872463576111111,2.2561396459861114,-0.871492876720252,2.190878790630264,4.986387001100887,5.0061056832748605,6.550554313349691,9.026504484879764,-0.0,-0.0,-0.14035232781763707,-0.04048914140273784,-0.16520405632735427,-0.12111212516917677,-0.10163638223323315,-0.19096772303850393,0.025263142004422683,-0.21220534729184595,0.19259018305054754,-0.15897970413366624,0.37978425066749394,-0.016317752022851278,0.5687574113033823,0.22108677522118828,0.7439892292188277,0.5501348132189097,0.8925871907087619,0.9606222611918634,1.0043129468351517,1.436561907388493,1.071575700981739,1.9575101877612335,1.0893949282440827,2.4998828643439177,1.0553353148562168,3.0382449856729274,0.9694173308303397,3.5465620744651942,0.8340071932473475,3.9994012878932965,0.6536901475231507,4.373073223996919,0.4351310046529262,4.64670702032502,0.18692574551280047,4.8032533333947836,-0.08055223562996933,4.830411637464523,-0.3553079999178638,4.721479989236027,-0.6238801780088654,4.476126935840962,-0.871492876720252,4.101086574289122,-1.082202350423757,3.610778890730599,-1.2390368267847185,3.027858416785355,-1.324128271828809,2.3836949453861562,-1.318835242238145,1.7187905638371,-1.203856296351925,1.0831376052069788,-0.9593337158657866,0.5365223114749248,-0.5649475266074125,0.14877906492076035,-0.0,0.0,0.45488569978870236,0.11536578404367591,0.866894139784021,0.4477318221366394,1.2300593872663699,0.9741121724824559,1.5397149294120007,1.6688661565736582,1.7924126824803681,2.5043278154028195,1.9858426426531146,3.451394990345658,2.1187540535292317,4.4800785759470845,2.190878790630264,5.560012884921454,2.2028575071777454,6.6609283760496725,2.156168948051295,7.753088232673081,2.053062719758348,8.807690452423905,1.8964957025231584,9.797237226617113,1.6900722050034536,10.695873458739507,1.4379878912513557,11.479696303420942,1.1449774518460716,12.12703760714073,0.8162659451189689,12.618721105928406,0.4575236985856717,12.938296188932142,0.07482463368968333,13.072249974694158,-0.32539214255618754,13.010199373358866,-0.7363576486598015,12.745064726289174,-1.151005420080941,12.273226527559272,-1.5620011623062346,11.59466664190347,-1.9617698471034888,10.713095342862916,-2.342520430983709,9.63606540463038,-2.6962683702662713,8.375074392660135,-3.0148561009073904,6.94565621241446,-3.2899716438527165,5.3674628933472,-3.5131654884768677,3.6643375068678115,-3.6758658979754397,1.8643790429064249,-3.769392771622585,0.0
146,3,-0.8822122348888889,2.2986854661944442,-0.8632656299490109,2.2232137708769777,4.983315461744886,5.005347705026719,6.623748336062697,9.196724461115124,-0.0,-0.0,-0.1499039647988394,-0.04299209274603562,-0.18158724765374637,-0.1302099285039799,-0.1222663891388089,-0.20942265140017674,0.002759531039259162,-0.24153727046644174,0.17031149046778885,-0.1995882182723853,0.3595055431021457,-0.06763233663646491,0.551896714688624,0.1604359921058662,0.7315893137623182,0.48213334437138233,0.8853123393885606,0.8876822152881126,1.002459803080606,1.3613348956358233,1.0750968552246907,1.8827089027446628,1.0979335665978904,2.4281172931370496,1.068269025202353,2.971878319299556,0.9859090426115164,3.487590389241469,0.8530612105217169,3.9493600541070997,0.6742113078247461,4.332972691986369,0.45598514252308603,4.616997584190639,0.20699984077584177,4.783821110421709,-0.06229160744257564,4.820603749576706,-0.33975904182111205,4.720158405024168,-0.6117539386800224,4.481749233122906,-0.8632656299490109,4.1118116118879815,-1.0780726773377376,3.6245951266600165,-1.238887588656576,3.0427324666710964,-1.3274934889510006,2.3977379254413322,-1.3248717538535424,1.7304397914196135,-1.211319967514392,1.0913513210495702,-0.9665598774718064,0.5409852258231984,-0.5698352817789697,0.1501167009965206,-0.0,0.0,0.4596400690208428,0.11653968871145871,0.876619073080029,0.45252203409304476,1.2447200424094143,0.9850050157341613,1.5590591524542796,1.6882748150433167,1.8160038995216072,2.534491943128741,2.013091553463288,3.49429648109896,2.1489488592632267,4.53737282250611,2.2232137708769777,5.632974745684692,2.2364598312955075,6.750411992253356,2.1901236630943917,7.8594997967860545,2.086435903439261,8.930973011421194,1.9283558058372512,9.93686660748961,1.7195096366541793,10.850864423123019,1.4641329161152006,11.648618069605478,1.16701648959999,12.308037917546631,0.8334563639171596,12.809558063580402,0.46920720330503896,13.13637713521685,0.08043934963550714,13.274676730908734,-0.32630079072689366,13.213819218810682,-0.7441271660385371,12.946526534901599,-1.1658474861999928,12.46904153228125,-1.5839938042063644,11.78127334116203,-1.9908504593080314,10.886928105484632,-2.3784795669098826,9.793626368898057,-2.7387442356405205,8.513008291394481,-3.0633296856618437,7.060827789201236,-3.3437624346482133,5.457036605363025,-3.5714277093448445,3.7258592373334936,-3.7375852315469893,1.8958595711906026,-3.8333835179917872,0.0
147,3,-0.8714196657083333,2.2986022449583334,-0.8500125133803372,2.223981247061992,4.984436089503145,5.004512827440943,6.542716517046324,9.196391504393082,-0.0,-0.0,-0.1558999493951828,-0.04454166590980625,-0.19234254973435175,-0.13599955986281348,-0.1365259216463336,-0.2215181160509723,-0.013771877429795257,-0.2613808317855764,0.15268012728418068,-0.2280195861051598,0.34185250014571295,-0.10492739334340231,0.5351787409521398,0.1145111615008339,0.7166197164299782,0.4282559516415362,0.8727454297311545,0.8268968893644392,0.9927818625646099,1.294971654357108,1.0686235435588745,1.8122982262111607,1.0948134691952358,2.3553054529665554,1.0684928347914664,2.8983459150680786,0.9893236963011214,3.4149767460362312,0.8593881656655309,3.879195759701216,0.6830680417173987,4.266622117529209,0.4669089042489548,4.555612758900961,0.2194726681689031,4.7283078294020555,-0.048817569146789856,4.77160030470223,-0.32583682461863817,4.678026860416361,-0.5979184570111666,4.446578735063006,-0.8500125133803372,4.083432841175586,-1.0658398114483465,3.6026046790067854,-1.2280398099205718,3.0265256898624724,-1.3183107422250089,2.3865485534334967,-1.317540887473166,1.723384594894015,-1.2059302158432044,1.08747793817487,-0.9631019678239386,0.5393213408575874,-0.5682040046375516,0.14971879506593225,-0.0,0.0,0.458830003723104,0.11631514917718581,0.8754618303305691,0.45178903190454794,1.2435569574481493,0.9836800349149912,1.55812574549235,1.686417893255741,1.8154456691578595,2.5322577190706554,2.012979425066806,3.491893067602863,2.1492939566921074,4.535028247058815,2.223981247061992,5.630910551188075,2.2375815565548267,6.74882347463394,2.1915096283019793,7.858542270290684,2.087984247510636,8.930753434341277,1.9299614229564905,9.937439867549694,1.7210713580862937,10.852233569608714,1.4655592944154348,11.65073778523406,1.1682302398222872,12.310820543936718,0.8343975374511097,12.812881526965151,0.46983518573990846,13.140094161009817,0.08073378512126475,13.27862478438226,-0.32634003919468774,13.217830662280184,-0.7444809075581486,12.950438547513972,-1.1664788308194776,12.472705395157906,-1.5848504183713066,11.78456274689624,-1.9918673405100784,10.889746205743679,-2.379582235588689,9.795911326269504,-2.7398522489539343,8.514737150988129,-3.0643603850789907,7.062018531402113,-3.344634847144802,5.457748283211704,-3.5720665300434233,3.7261901401101247,-3.737924823742851,1.8959433898307854,-3.833371874473133,0.0
148,4,-0.8792191917638889,2.3048433595624997,-1.0457697927722829,2.3012165549089953,4.998019572181897,5.003847575487272,6.601276232826132,9.221361345717126,-0.0,-0.0,-0.08166440639286318,-0.025325388232027797,-0.05944323509194909,-0.06436073488524306,0.04003494469760136,-0.07190419239277175,0.19225103668243526,-0.015548871190100032,0.3749742583111529,0.12541780630603236,0.568410620987575,0.36119670779204033,0.7553185406652314,0.6927256987908477,0.9210901215055393,1.1129776123935413,1.053797718156011,1.6082901751125291,1.1442064056885664,2.1597106442184164,1.1857539248040252,2.744338465487093,1.1745004858233346,3.3366502538386427,1.1090514802613378,3.9097927641480203,0.9904566462167674,4.436831175470871,0.822089557120702,4.891941873119556,0.6095114564475732,5.2515408929516045,0.360323456441581,5.4953412086027775,0.084010976224434,5.607334021031065,-0.20821596201189038,5.576691087460154,-0.5035833040098994,5.398586853236105,-0.7879115311310498,5.074940688374881,-1.0457697927722829,4.615080857118603,-1.2606236212666635,4.036332952390741,-1.4149746881138905,3.3645364071727584,-1.4904914771330786,2.6344933599275513,-1.4681301308999868,1.8903546165179728,-1.3282450639251833,1.1859477366825,-1.050689225281313,0.5850524020503622,-0.6149041336246934,0.16162821923236056,-0.0,0.0,0.49011574424495413,0.12449565256811242,0.9299523947985088,0.4817282903542736,1.3142054993984824,1.0451769916886866,1.6388542907417651,1.7859930778844808,1.9010769048709122,2.673620723946208,2.099166952349243,3.6763754778004287,2.2324522771131874,4.761981581215967,2.3012165549089953,5.898069356421156,2.306624221163425,7.052634206985423,2.250649077049443,8.194458990321007,2.1360068017123024,9.293501662518104,1.9660914969318157,10.321250184020796,1.7449163063918063,11.251046716064774,1.4770580834959377,12.058383141200983,1.167606027520713,12.721169914112675,0.8221141660485836,13.219980197890536,0.44655753036276874,13.538271171679897,0.047291848205777406,13.662584313042732,-0.3689834364635966,13.582726366601607,-0.7952590156557896,13.291932612973957,-1.22424664397273,12.787013951459384,-1.6484073417112568,12.068489208660349,-2.05997707291711,11.140703984974605,-2.450990090905171,10.011937253066371,-2.813300136056459,8.694496828029974,-3.1385996617666017,7.204804738747118,-3.418437254681235,5.563473444410375,-3.644233405156691,3.795373759654336,-3.807294773505205,1.9296952763587691,-3.898827087238738,0.0
149,4,-0.8779189561805556,2.2818354351875,-0.9606994284871326,2.2819117333205576,4.99701090723269,5.003512244674117,6.59151391833876,9.129309804081307,-0.0,-0.0,-0.10303971290218347,-0.030726667662822976,-0.10037832162488286,-0.08543270437525846,-0.017860479619095804,-0.1178064535960091,0.12062378547268869,-0.09397723493035608,0.2933034872377212,0.008503999327647633,0.4806675022552476,0.20176042633059432,0.6655794881061835,0.48874913252105,0.8333652544089204,0.8644715196820735,0.971871650686184,1.3172202997069773,1.0714967556475514,1.8298487526885452,1.1251918599421034,2.3810479932021615,1.1284364022403777,2.9466184048148794,1.0791876224023411,3.500722136883596,0.9778072146803365,4.01710457328788,0.8269676821763905,4.470273933258943,0.6315414003245339,4.8366295965168185,0.3984755870795371,5.095531301174755,0.1366564517495713,5.230302984997641,-0.14323424048459546,5.229166672192477,-0.42886708411021973,5.08610339702399,-0.7064145403541455,4.801639656850662,-0.9606994284871326,4.383559263478943,-1.175340122183277,3.8475416849144572,-1.3328905281916903,3.217729020872854,-1.4149732918637077,2.5272246250745827,-1.4024050367131182,1.8185270739325736,-1.2753127902145391,1.14390369043008,-1.0132410653799722,0.565708175224598,-0.5952493501537096,0.15664709005651486,-0.0,0.0,0.47751164505900107,0.12117117823151076,0.9086486444142016,0.4697749372702765,1.28759125240988,1.0211135741662134,1.6098125281631315,1.7479058764432933,1.8720019075914847,2.6209144556368096,2.0719884230827708,3.609534732859087,2.208664581233186,4.682345660360871,2.2819117333205576,5.807622723876668,2.29252760980094,6.953814146458412,2.2421565414434377,8.089981512330398,2.1332227570489977,9.186206256756824,1.9688670314879042,10.213963633147431,1.7528868578285552,11.146465879838042,1.4896802329106222,11.958976374136492,1.1841930757844756,12.629096587839877,0.8418702417188247,13.137027653437897,0.46861004957422253,13.465808319879661,0.07072220581786905,13.601531026646674,-0.3451110170944555,13.533537759779739,-0.7718705081620542,13.254597277599691,-1.202233122833201,12.761065210640725,-1.6286017435484073,12.05302845268721,-2.0431327758556836,11.134435170141307,-2.4377612587748483,10.01321166715062,-2.8042237641342043,8.701367255480163,-3.134079253689237,7.2150881921605015,-3.418728055502745,5.57482166532255,-3.6494291127688987,3.805350729931866,-3.817315649367471,1.935861020749988,-3.9134093872333233,0.0
150,4,-0.9028600296874999,2.3405805462152776,-1.0165947026386377,2.3022787960390225,4.996675678719839,5.004097011332895,6.77877429357267,9.364340915342698,-0.0,-0.0,-0.09405121768074745,-0.02852910178394166,-0.0816316986153512,-0.07631627248144995,0.010617443908118866,-0.09686721362862784,0.15809519232885128,-0.05650644493066694,0.338426205218758,0.06669026582850428,0.531617603259428,0.28404920453791166,0.7201840863103816,0.5975225872702858,0.889239526111735,1.0009666696721264,1.0265542318713328,1.481457082487333,1.1225781207950354,2.020624245581276,1.1704309945608244,2.5959920747628136,1.1658619845349247,3.1823040168635317,1.1071809509484332,3.7528216668813643,0.9951651825709802,4.2805827609541405,0.832945132924197,4.739607116812036,0.6258731466717757,5.106041022812429,0.3813791848290911,5.3592325737021484,0.1088174668360724,5.4827324385551695,-0.18069226613969025,5.465216456543206,-0.4744254732088673,5.3013282341427255,-0.7582125087089212,4.9924415212026165,-1.0165947026386377,4.547343544552192,-1.2329746836316777,3.9828416607817854,-1.38975924463304,3.324296650077426,-1.4684934760031634,2.6060867156925482,-1.4499852837204041,1.8720067915050038,-1.3144197626185095,1.1756081113720782,-1.0414632007832598,0.5804831804926005,-0.610356749114736,0.16050133442991485,-0.0,0.0,0.4876014541525076,0.12381333503517383,0.9260914542332552,0.4794084979400723,1.3099337064521652,1.0407895848465172,1.6348962542325265,1.7795221424064882,1.8979672752720396,2.665364270148202,2.0972717708084163,3.666855802245187,2.2319900589877584,4.751866251017513,2.3022787960390225,5.888102602574798,2.3091950807359396,7.043578373958135,2.2546240498350794,8.187045581081133,2.141210244472339,9.288391437866935,1.9722929189526592,10.319001719058994,1.751845372653948,11.25209278151086,1.4844183113137672,12.063014259864703,1.175087184079987,12.729524440120045,0.8294033956565721,13.232040275522921,0.4533492569732762,13.553863949465576,0.053296511449776665,13.681387814845744,-0.364031744375062,13.60427945298842,-0.7915959386693825,13.315648501467116,-1.2220718994992716,12.81219680202339,-1.6478799279415235,12.09435331975151,-2.061211267804553,11.166395184775665,-2.4540521660458667,10.036556109354427,-2.8182057113204304,8.71712333789313,-3.1453116299466846,7.224524195613173,-3.426864209401637,5.579403214243009,-3.6542285096347684,3.8066907304754842,-3.818655012330261,1.9356637753228672,-3.911292847992948,0.0
151,4,-0.9915440318125,2.337113271208333,-1.0270503947738585,2.3075497349908876,4.9946402671924215,5.003549833189128,7.444623721046132,9.350468824820208,-0.0,-0.0,-0.09414533591027555,-0.02856546561265981,-0.08147672586922622,-0.07635288541852701,0.01140103794483462,-0.09668506612829884,0.1598725409777743,-0.0556983597582957,0.3415035753726961,0.06870100766947307,0.5362063745557426,0.28797003453064013,0.7263748205154827,0.604137276676864,0.8969871304274155,1.0110707371492036,1.0356745424350386,1.4957886390469848,1.132755558081283,2.0397959274081017,1.1812363123515763,2.620429380059436,1.1767785863232527,3.212194732647417,1.1176378129949625,3.7880801946798877,1.0045741232513308,4.320832089109405,0.8407400149878511,4.784180012468558,0.6315485932591778,5.15400080251785,0.3845265219945647,5.409412629536045,0.10915585652899693,5.533792611385033,-0.183291193218283,5.5157134130080765,-0.47992076491400615,5.349796259235329,-0.7663856540066172,5.037479608740517,-1.0270503947738585,4.587704363101476,-1.2451505413317716,4.017517888302611,-1.4029440644451552,3.352600290130929,-1.4818532643641846,2.6277173053755263,-1.4625960628989452,1.887104853647439,-1.3253059646767749,1.184790754584305,-1.0496403574426614,0.5848593731376344,-0.6148771478862288,0.1616650367494408,-0.0,0.0,0.4907547220870598,0.12463430414278652,0.9316085646511113,0.4824300164390354,1.3170332869417067,1.0469972803135716,1.642832899677101,1.7895188771445407,1.9060549409664735,2.6793941663381697,2.104902484233894,3.6848387959790414,2.2386479704611895,4.773440832783809,2.3075497349908876,5.912674449918207,2.3127718978106446,7.070372695114298,2.256308107509865,8.215161150340949,2.140909473551053,9.316854499524243,1.970016888759022,10.346818154018864,1.7476978329104185,11.27829715785273,1.4785876574193437,12.08671461668577,1.167835278469313,12.7499418755419,0.8210531494889952,13.24854261930429,0.4442713415235068,13.565992994281459,0.04389552978041654,13.688879755397352,-0.3733313354898497,13.607078337283541,-0.8003639073519138,13.313912633383326,-1.2298861082877726,12.806298148905157,-1.654339822085875,12.08487007412754,-2.0659508449138158,11.15409770654652,-2.4567523211818583,10.022386535494272,-2.8186058797421096,8.702169192490297,-3.1432206743547795,7.2099863656669845,-3.42217051977555,5.566558677759627,-3.6469093017475958,3.7968504347299685,-3.808784825987784,1.9301260662502626,-3.899051258223453,0.0
152,4,-1.0182429519305556,2.291288938798611,-0.9954045161378986,2.2871118846408014,4.9946960595217496,5.003699114099195,7.645082205652067,9.16713197209087,-0.0,-0.0,-0.10033699742595267,-0.03014773848953245,-0.09307124191546634,-0.08241322071396175,-0.004862175593157048,-0.10973965654561019,0.1396486996495769,-0.0779040579326175,0.3180296637962042,0.03554085975552131,0.51022072740985,0.24241337283253522,0.6986626682775537,0.5451222930082902,0.8683912845231693,0.9379423871260817,1.0070961587063292,1.4083280566499035,1.1051443507790775,1.9382475916874462,1.155570464960163,2.505520785058002,1.1540354237914787,3.085143643015547,1.0987570017554487,3.6505852831437546,0.9904157041387418,4.175043777371974,0.8320399204658744,4.632649584639439,0.6288744432815594,4.999607230065388,0.38823643897420845,5.255267938304159,0.11936281095043964,5.383127940897329,-0.16674736597256146,5.371749086426714,-0.45749200880154844,5.215600137772105,-0.7388238617833018,4.915818706778855,-0.9954045161378986,4.480895130791043,-1.2107525728412807,3.92728072773923,-1.3673843438767022,3.2799237771814522,-1.446945899405301,2.572737272699099,-1.430335645023059,1.8490029915027997,-1.2978169477804902,1.161716749535582,-1.0291206183252763,0.5738798769046729,-0.6035372984796765,0.15874198236948414,-0.0,0.0,0.4827170821677916,0.12255037145243738,0.917301749875012,0.4746873375256174,1.298161776960069,1.030890801950257,1.6210031968854752,1.7631725974673125,1.8827470097335293,2.6417047731396766,2.081446850453021,3.6354064349842905,2.216208493162559,4.712489847225886,2.2871118846408014,5.8409668926432765,2.2951362383091705,6.9891172957529895,2.2420885781412365,8.125920241935896,2.130535999457784,9.22145118892117,1.9637418094583508,10.247245773755058,1.7456056232540367,11.176632777357733,1.4806074195692005,11.9850381281425,1.1737555025505497,12.65026191327942,0.8305382706284695,13.152730327555295,0.4568796585298478,13.475724431131177,0.0590980928408755,13.60558751377191,-0.3561312164311198,13.531912778538642,-0.78181083731463,13.247712966047668,-1.2106527254896486,12.749573444158697,-1.6351070789858488,12.037790189778162,-2.0473886332117517,11.11649399129295,-2.439500587188284,9.993762103521082,-2.803256345433354,8.681718493162423,-3.1302992520128963,7.196623722439785,-3.4121204842951487,5.5589554325721044,-3.6400752642954455,3.7934803073447245,-3.8053975354852287,1.9293183205916091,-3.8992132428073147,0.0
153,4,-0.9880650283472223,2.258270844861111,-0.9631060021216967,2.2644474407136888,4.994750665051447,5.003348805832403,7.418502973109337,9.035031118520363,-0.0,-0.0,-0.10905093550221076,-0.03237680198880156,-0.10924549876819989,-0.09091813949478914,-0.027174065213102096,-0.12792241860736564,0.11257113325969029,-0.10849207386788612,0.2875838161927538,-0.009486420007607937,0.477802679872463,0.18161234855382707,0.6656387044606411,0.4679048415573475,0.8360688861253143,0.844335470940492,0.9766956387523417,1.2989917411077456,1.0777721771435713,1.814424701138866,1.1321951763274258,2.368973834734245,1.135466858653316,2.9380805312167078,1.0856293620914694,3.495575539108718,0.9831747722612528,4.014927370184115,0.8309345517752785,4.4704404083034746,0.6339522788562789,4.838393395687818,0.39934362702845816,5.098110936439512,0.1361473997111808,5.232962598774136,-0.14482879740583043,5.231286050760779,-0.43116498054669045,5.087232379536047,-0.708984419844368,4.801533284509737,-0.9631060021216967,4.38219117748991,-1.177191271932133,3.8450943551608785,-1.3338845171059037,3.214560330344074,-1.4149446634348757,2.523811124648572,-1.401368110304138,1.815384849529966,-1.2735019677849806,1.1414882529852544,-1.0111474418427249,0.5642951054972288,-0.5936533564312803,0.15619536315092883,-0.0,0.0,0.4756803333850333,0.12072954099241519,0.9046532513016998,0.46788811116033546,1.2812154613316502,1.0166404728365532,1.60095989329693,1.7396271949125102,1.860694184321522,2.60759237772247,2.0583598475242737,3.589970750480174,2.1929530114986004,4.655434712619056,2.2644474407136888,5.772402288961772,2.273720388322903,6.909507283271536,2.222481692919576,8.036033154717742,2.1132064092022165,9.122312316412389,1.9490711584774145,10.140092673437817,1.733894297279466,11.062873288182363,1.4720799297510945,11.866211091186601,1.1685657303272174,12.528000553216643,0.8287744961778841,13.028728205311738,0.45856931230448894,13.351703843732396,0.06421218471758006,13.48327019096582,-0.3476740225800209,13.412992706436318,-0.7701405242495132,13.133831154889583,-1.1959446090952746,12.642294449558323,-1.617578882844641,11.938580193634616,-2.0272979464222014,11.026700249274446,-2.4171426948032853,9.91459356993633,-2.7789624162433926,8.614227440557233,-3.104434864763184,7.141688181842037,-3.3850844706841396,5.517262290484325,-3.6122988451411855,3.765508906929934,-3.7773437251605695,1.9153244266525031,-3.8713764963379522,0.0
154,4,-0.9954080534270834,2.2742815597361115,-0.986382691144338,2.2918198063740323,4.995217980494373,5.004348145785477,7.47363522839995,9.099087787123498,-0.0,-0.0,-0.10458488538977748,-0.031235046840366418,-0.10087342452141047,-0.08654516939553104,-0.015392579865144241,-0.1184911377679849,0.12728931075257208,-0.09241622815528724,0.30475812840675087,0.01458307473921311,0.4969214885362001,0.21477731368021213,0.6861448340261127,0.5110003141170137,0.8573538547676883,0.8979051378218107,0.9981021161328388,1.3632625715134419,1.0986038936500713,1.8892847089295008,1.1517332530554543,2.4539564479855405,1.1529913386514392,3.0323584809060953,1.1004446047173349,3.597966536504577,0.9946373231963105,4.123913158282798,0.8384821170288891,4.584200080299271,0.6371325046444593,4.954851203792895,0.3978415091649836,5.2149981939653,0.1298103050770418,5.347892728628343,-0.15596933029403806,5.341841370090993,-0.4468752963817524,5.191060843025714,-0.7288150895432286,4.896453142085895,-0.986382691144338,4.466301335160481,-1.2030101893225769,3.91688815527866,-1.3611123387976776,3.27304048127995,-1.4422226853885227,2.5686035986352724,-1.4271202752459717,1.846849718719635,-1.2959463243702454,1.160825634230076,-1.0283105362995737,0.573644620704058,-0.6033870224164035,0.15872778158495354,-0.0,0.0,0.48299565770935027,0.122606028299679,0.918132396455531,0.4750114015591087,1.299704407990376,1.0318036617105246,1.6233213433377676,1.765049786244631,1.885824829824385,2.6449330477773603,2.0852055196538313,3.640348220524115,2.2205216376387784,4.719455649615073,2.2918198063740323,5.850195134911346,2.3000587564095127,7.000760926645337,2.247036377578856,8.140039395328486,2.135320435489955,9.238011132617679,1.9681831636367817,10.26611937269244,1.7495398455791829,11.197606704217632,1.4838914218149155,12.00782207958949,1.1762710908317735,12.674500128612141,0.832194821801595,13.178014754975399,0.4576156558865431,13.501608942064783,0.058881642644539246,13.63160262511254,-0.3573027638958151,13.557580404134765,-0.7839120396031307,13.272560780438546,-1.213631853826145,12.773148502035108,-1.6388884646856463,12.059671502793085,-2.051875448310552,11.136303818836444,-2.4445779608488785,10.011175765309824,-2.8087947262540496,8.69647255858874,-3.136157935203546,7.208522474358615,-3.418151231566382,5.5678755414988315,-3.6461259530273655,3.799373685923495,-3.811315782151913,1.9322131577926422,-3.904849953620769,0.0
155,4,-0.9732294443125,2.2446811530208333,-0.9740728132904436,2.296088636638246,4.994977227638834,5.003309434758326,7.307115745435164,8.980660630167554,-0.0,-0.0,-0.11137533689200256,-0.03300525339352263,-0.11274915542988889,-0.09305121712252683,-0.030745443178884235,-0.13186887019091267,0.10993804428334929,-0.11402853652880018,0.28673123697361264,-0.015925349305890638,0.4793657049128047,0.175329310329015,0.670017462977149,0.46309569425358016,0.8434160742671178,0.8424566278222334,0.9869186598034067,1.3015142622265203,1.090548579472058,1.82271498581206,1.1469996442432662,2.3841850013557107,1.1516077020264277,2.961059757514698,1.1022922699310007,3.5267915584177545,0.9994715382217042,4.054421182655714,0.8459545334386421,4.5178011291366005,0.6468145001851665,4.892760076780835,0.40924765400866653,5.1582002051255,0.1424213911281108,5.297121088607278,-0.1426841601588079,5.297565874954132,-0.43343766818439144,5.153487327666146,-0.7157180115069739,4.865533008502273,-0.9740728132904436,4.441750367172205,-1.1918717860892947,3.898213774507687,-1.3514530310829356,3.2595765765977833,-1.4342608731790787,2.5595520649837646,-1.4209742202845639,1.8413278640840964,-1.2916248020741226,1.1579186493085492,-1.02570496512183,0.5724623493020027,-0.6022649748037541,0.1584650769248085,-0.0,0.0,0.482623060473098,0.1224909215928862,0.9178510692208004,0.47471604351141067,1.2998601764927153,1.0314647944607243,1.6241547432930858,1.7649502168926952,1.8874835315273777,2.6454521255085197,2.087756323409994,3.641918422383098,2.223961965332582,4.722525040642786,2.296088636638246,5.855195436757007,2.3050469684173747,7.008080907063967,2.2525964822157905,8.150003277061831,2.141275683292308,9.250861712308323,1.974336027042791,10.282005537305066,1.755679879260675,11.216575032840371,1.4898025095932717,12.02981222161035,1.1817380912884374,12.699343654459348,0.837009627455397,13.205437182386492,0.46158268294445737,13.531234648841306,0.0618227700016447,13.662962368254428,-0.35554378640979817,13.590121174929262,-0.7834656926763821,13.30565773535141,-1.214599437913628,12.806118719998405,-1.6413391544752503,12.091789330611464,-2.055843789300519,11.166817577860554,-2.450061784540083,10.03932560418196,-2.815753460199148,8.72150924868432,-3.1445112840186153,7.229726956465754,-3.427778204996473,5.584579044233651,-3.6568642172630823,3.810978248311869,-3.8229613108163405,1.9382124002997119,-3.91715695518028,0.0
156,4,-0.9278508685277777,2.2522393829166667,-0.9699952893324894,2.287408610567726,4.993386863396897,5.004189675963353,6.966408312506843,9.010900068658817,-0.0,-0.0,-0.10878642757204797,-0.032280884127877565,-0.10920059319434373,-0.09073369321939531,-0.027442165739186886,-0.1277965445167697,0.11217662779928989,-0.10854404005747299,0.2874241686993553,-0.009694305138820166,0.4783177746681578,0.18147451413285792,0.6672636119094599,0.46828494352806693,0.8391655569502451,0.8458831557799539,0.9815013908777387,1.3025082554317722,1.0843657449439636,1.8207913515008856,1.140480220775345,2.3790678589093246,1.14517203469296,2.952686916924817,1.096323346161223,3.5153026957189053,0.9942940974134572,4.040133615329678,0.8418216979322892,4.5011770483908045,0.6439012274354686,4.874368836761783,0.40765000780787897,5.138678839828821,0.14216041970493237,5.277135669765897,-0.14165526868851164,5.277775684972837,-0.431224512792958,5.134513145902934,-0.7124753010595009,4.847930137976618,-0.9699952893324894,4.425986397086005,-1.1871867931168776,3.8846505094074555,-1.3464155935058697,3.2484550853321,-1.429151933191978,2.5509794238485943,-1.4161024823852513,1.835263893662744,-1.2873324290184776,1.1541607723912015,-1.0223771851996806,0.5706266219142676,-0.6003434974919205,0.15796145627325683,-0.0,0.0,0.48110167632870093,0.12210469792799339,0.9149440630492494,0.473217282709623,1.295693519837694,1.0281925450457106,1.618847203530008,1.759304571923713,1.8811505714974228,2.636891554267493,2.0805146950760123,3.6299592493153083,2.2159344691766774,4.706743282647624,2.287408610567726,5.835230968835863,2.295862159382935,6.9836437307479295,2.243072037819657,8.120881513931542,2.1315960774775236,9.216930833092215,1.9647058023379576,10.243238261551276,1.746323147430853,11.173051290619012,1.4809612028105748,11.98172855257131,1.1736689973331533,12.647021426336932,0.8299802754948883,13.149329036392247,0.45586617178981026,13.47192861930258,0.05769164919219237,13.601183174689305,-0.3578244599654838,13.526728243253517,-0.7836459926291474,13.2416395682645,-1.2124527683708264,12.742583302382247,-1.6366708801856815,12.029950321982364,-2.0485001683049866,11.107976108899475,-2.4399390816191344,9.984847556823487,-2.8028071273291895,8.672797958170749,-3.12876510315519,7.188191328431273,-3.4093332984126814,5.551597129772821,-3.635907841021262,3.787856364796532,-3.7997753574438136,1.9261399252966898,-3.8921261020127216,0.0
157,4,-0.9214647909166666,2.246586915527778,-0.9423903119092975,2.2802148876976607,4.9956100723998755,5.004362053110608,6.918460926064292,8.988285323899015,-0.0,-0.0,-0.11555080000484334,-0.03402018978645887,-0.12162302403157825,-0.0973138553116314,-0.04449831852154296,-0.14178771920314162,0.0914577973308124,-0.1320186475902612,0.26398420406156636,-0.04424748216834057,0.453085824222519,0.13471474820683874,0.6411656992052449,0.40865414811357237,0.8131255382820634,0.7731794936050476,0.9564337750810012,1.2169899411811094,1.0611611408523929,1.723168624236924,1.1199846717348119,2.2704860887405602,1.1281618733320675,2.834698184885142,1.0834774437716463,3.389824068351022,0.9861654891601317,3.909391304855169,0.8388105456302453,4.367636640078862,0.6462309513667198,4.7406527176228614,0.41534819892742886,5.007472826725358,0.15504585750133407,5.151087571418144,-0.12397849478496394,5.159389114342404,-0.409365125671593,5.026040312383618,-0.6872448909515115,4.751267589217218,-0.9423903119092975,4.342577754248069,-1.1583628082206237,3.815400161054873,-1.3176542861860532,3.1936565934087526,-1.4018216545532174,2.51026207333445,-1.3916131936486364,1.8075604101981488,-1.2670860294278081,1.1376987641811418,-1.0077142564677726,0.5629457971071654,-0.5924875094501074,0.1559581461188182,-0.0,0.0,0.4758973715332902,0.12073862965480589,0.9060433291828195,0.46826442493465115,1.2844858153594074,1.0181574300792162,1.6065836510153846,1.7433526163462507,1.8689284353262567,2.6147758258119707,2.069266276360234,3.6019405786457863,2.206420321796845,4.673505909021447,2.2802148876976607,5.79779583603066,2.291401826610046,6.943281435158562,2.2415896350530202,8.079026760553825,2.133175675120186,9.175100086357856,1.9692817753975307,10.202952094692819,1.7536933820630174,11.135762746306666,1.4908023510328277,11.948758634731238,1.1855534052627295,12.619502653024758,0.8433942265988892,13.12815780007034,0.47022910764250525,13.457726926693864,0.07237605468719019,13.594270175624176,-0.3434727933162368,13.52710180800115,-0.7702875837754825,13.248968036599106,-1.2007341743587991,12.756207405473331,-1.6272047365062154,12.048895170137746,-2.041845716894937,11.13097304395714,-2.4365833354174704,10.010365587084674,-2.8031467957264953,8.699084425521944,-3.133089379776342,7.213321400931051,-3.417807591560567,5.573531667613516,-3.6485585078436444,3.8045076722806535,-3.816475485477112,1.9354448753663072,-3.912582366178285,0.0
158,4,-0.9086762108263888,2.252077713576389,-0.9571823218945058,2.2923914599835036,4.994062750570808,5.004743603049528,6.822442833428963,9.010253251859297,-0.0,-0.0,-0.11170940478895852,-0.03299866377751433,-0.11519077665308994,-0.09368045551759305,-0.03634029288400155,-0.1344776674588888,0.10078024682361576,-0.12032032159083855,0.2741312431378784,-0.02767118296476085,0.4638609456702471,0.15652775461795132,0.6524454456057727,0.4359853229099524,0.8248003064847921,0.8062542347180603,0.9683619853217077,1.2559724607912774,1.07313809544278,1.7681375483409072,1.1317264611122058,2.3213982526700283,1.1393037726540718,2.891348045526254,1.0935854342136462,3.4518056677938893,0.9947588756174051,3.976068864887359,0.8453931535854857,4.438128722955329,0.6503280825919469,4.8138335463397315,0.4165464069311783,5.081992910688354,0.15303265568148264,5.225414320164576,-0.12937767940956968,5.231866722847477,-0.418155121870753,5.094966933250604,-0.6992360403934814,4.8149867208574415,-0.9571823218945058,4.399579904526233,-1.1753382302826663,3.8644302110686337,-1.335982179831028,3.2338218894892314,-1.4204715540138493,2.541136107704988,-1.4093791010863366,1.8292769926450005,-1.2826198223146559,1.151031811920577,-1.0195676264603946,0.5693702465647444,-0.5991613468501348,0.15768798527164118,-0.0,0.0,0.4807644488270474,0.12199527235439364,0.9147969589777809,0.47296789104314696,1.2961198225320765,1.0279998243469086,1.6200989131379957,1.7595234006568599,1.8833631296252173,2.6379730280802214,2.083722870669596,3.632396339642783,2.2200887364521087,4.711024586841388,2.2923914599835036,5.8418026535530965,2.3015038888981763,6.992879517632996,2.249165670907136,8.13306035539264,2.1379111445053747,9.232221772155766,1.9710008018145462,10.26169185849603,1.7523565727421881,11.194596925073203,1.4865010785279873,12.006176867620827,1.1785009173875065,12.674071165699011,0.8339139742318447,13.178577531914877,0.4587406890386882,13.502885209424456,0.05937917298676042,13.633284870984467,-0.35741597346950765,13.559357008234024,-0.7845713121969653,13.274140620175602,-1.2147288782223402,12.774283919228282,-1.6402773507342676,12.060178675352518,-2.0533802910348844,11.136079716612338,-2.4460016556082778,10.010211000634067,-2.8099287902610457,8.694859567758536,-3.136793106261344,7.206458584859731,-3.4180886322273256,5.565660590057386,-3.645188626763878,3.7974019538080794,-3.809360426998042,1.9309594817854518,-3.90177869761644,0.0
159,4,-0.88982935125,2.294217035145833,-0.9777133142603593,2.3481518427626242,4.994820401777037,5.004447532947267,6.680938499412516,9.178846882937538,-0.0,-0.0,-0.1156964220551347,-0.03410042453452312,-0.1207717146541959,-0.09726821178941393,-0.04142049552046824,-0.14081092601074188,0.09793765834255394,-0.12869856068398347,0.2748623040329509,-0.036624214657305545,0.46907519429558014,0.14903220933971661,0.662618114491025,0.4323256904285607,0.839982078159253,0.8089396578819791,0.9882053616694015,1.267436452078095,1.0969388317412914,1.790548669594179,1.1584780206721,2.356494860934479,1.1677623851895764,2.940303023864425,1.1223431018561216,3.5151257860512253,1.0223215669544388,4.053532055861971,0.8702614520774694,4.528761180944804,0.6710776979205914,4.915927219275632,0.43190619757562415,5.193162717661571,0.16195812602303458,5.3426933264012195,-0.12763707785526682,5.35183657578772,-0.4239961618179524,5.213920125943352,-0.712650240760469,4.929116710422665,-0.9777133142603593,4.505194771436171,-1.202048110179959,3.958185388001055,-1.3674266723949777,3.3129674980132515,-1.4546835633470239,2.6037745935652508,-1.4438600073066736,1.8746270193978838,-1.314337740262015,1.1796947304710979,-1.0449617431675104,0.5835958775162285,-0.6141514066037702,0.16163690642389683,-0.0,0.0,0.4928290228023259,0.1250563904086843,0.9377352602679909,0.4848336987630904,1.3285507903240759,1.0537687927847879,1.6605005559701962,1.8035662571133555,1.9301181772766762,2.7038738623972236,2.135160502799164,3.7229155644382117,2.274522247197732,4.828081749120268,2.3481518427626242,5.986477057053483,2.356969425876268,7.165426633443538,2.302787688805651,8.332942060827573,2.188236154900355,9.458148553639766,2.0166892824237355,10.511675233573177,1.7921986691135663,11.466010473218553,1.5194295156966753,12.295824402255766,1.2036014109940034,12.978260724952305,0.8504334226156051,13.49320000870745,0.4660934140047995,13.823496578962704,0.05715145908083885,13.955191103264738,-0.36946281174244433,13.87770087305718,-0.806499127471951,13.583989701494968,-1.2464219659659088,13.070719254016433,-1.6814426393691047,12.338383519612016,-2.103548302905269,11.39142801804207,-2.5045281143728304,10.238355224400987,-2.8759967678467153,8.891817579572454,-3.2094156182998654,7.368699344960801,-3.496111604884943,5.690188453692831,-3.7272941700984505,3.8818394091915076,-3.894070360516845,1.9736281862622338,-3.987458282679656,0.0
160,4,-0.9238106496944444,2.4008888850416668,-0.9653101779305404,2.32678962647293,4.996305950002534,5.003934653912714,6.936073896686832,9.605626286068992,-0.0,-0.0,-0.10687028813128284,-0.031691401006582326,-0.10758186347802044,-0.08918607795211594,-0.027510644947642993,-0.12581941766669277,0.10975704340185531,-0.10717488996337302,0.28259685048286903,-0.010145457451036798,0.47150041781782887,0.17808674521690857,0.6592081156981486,0.46114253318859855,0.8308180668420628,0.8345983230941042,0.973869594905622,1.2871869678199455,1.078399853207448,1.8020336490901805,1.1369730375216198,2.35791324156429,1.1446822431058525,2.9305154283246795,1.0991246671020187,3.4937040390704435,1.000351460557487,4.020757585707432,0.8507940788611144,4.485578761122538,0.65516944755387,4.863861711874861,0.42036663825902226,5.134207152463043,0.15531802735666683,5.27917680996837,-0.129141916678692,5.286280221899425,-0.4204270024520504,5.148888504532968,-0.7043556571891539,4.867071312781709,-0.9653101779305404,4.448354777884842,-1.18639602973826,3.9083996935459906,-1.3495985925457208,3.271600588747675,-1.4359350709334873,2.5716075481706295,-1.425599625929415,1.851773698806451,-1.2981001491647013,1.165532161864139,-1.032385462836214,0.5767069679231743,-0.606962081182545,0.1597629528057862,-0.0,0.0,0.487381766402578,0.12366048296188131,0.9276725628682133,0.4795252756578903,1.3147108673742076,1.0424500360419637,1.6437016701162521,1.7845543891725446,1.9111402962140265,2.6758862784006245,2.114733625136204,3.685047516147779,2.2533200848995443,4.7797795842359845,2.32678962647293,5.927509379775949,2.3360047099762493,7.0958551618097205,2.2827231644053922,8.253093426974209,2.169523620844966,9.368587832466414,1.9997340685150518,10.413181596403119,1.7773639456454309,11.359555045417322,1.5070400543470264,12.182550154002914,1.1939464809054525,12.859464037136132,0.8437686102199894,13.370313424620027,0.46264124495792674,13.698072169830187,0.05710077555282496,13.828883834164616,-0.36595870462774505,13.752251348111878,-0.7993254850038477,13.461205686469318,-1.2355067007110516,12.952455414254429,-1.6667613704869477,12.226518865994473,-2.085130221152217,11.287840618443587,-2.4824625178563244,10.14489380883392,-2.8504401215554274,8.8102697404123,-3.1805989932593324,7.300756106605662,-3.464348359322753,5.637405056584088,-3.692987744249228,3.845592219713284,-3.8577220678001476,1.955067705507835,-3.949674992229768,0.0
161,4,-0.9363819803819445,2.2894825620763886,-0.9606374355437425,2.3223833573690476,4.995975561485973,5.004556172707191,7.030460856457244,9.159904907217678,-0.0,-0.0,-0.1128116764550944,-0.03328067074902251,-0.11717930013874697,-0.09474658810446758,-0.03889275600905175,-0.13669430874542904,0.09806197335059845,-0.12387236702568918,0.271686187043472,-0.03253271787323568,0.46213176909970316,0.1506046389309097,0.6518411409692266,0.4294629727257821,0.8256612051160487,0.7997837067073492,0.9709293190178394,1.2503513484174869,1.077530089301592,1.7642541466414636,1.1379225490435176,2.3201657432479683,1.147138046761936,2.893633062350815,1.1027499037314583,3.4583560276069023,1.004816559973492,3.9874453959064864,0.8558005056854191,4.454646004043346,0.6604657661454646,4.8355139958282995,0.42575706233623084,5.1085380747243425,0.1606640009387593,5.256196451209476,-0.12392624365084809,5.2659428631644,-0.41538430001586,5.131116781718508,-0.6994986807818196,4.8517746185070765,-0.9606374355437425,4.435440373948706,-1.181908514692138,3.897775668709197,-1.3453163158263048,3.2631704497394685,-1.4319122534144446,2.5652568353169283,-1.421937579659153,1.8473495467729688,-1.2949570738012035,1.1628171630608606,-1.0299825942350869,0.575389030650803,-0.6055858413262123,0.1594030744858052,-0.0,0.0,0.48630998176593615,0.12338741961971143,0.9256553989551988,0.4784745229040189,1.311885262075516,1.040182617195811,1.6402178063206212,1.7807030639685681,1.9071612623305374,2.6701621924304417,2.110432747391102,3.677246069165163,2.2488766083723712,4.7697845248212705,2.3223833573690476,5.915294456822797,2.33181015576173,7.081482950931934,2.2789036266552047,8.236711197942517,2.1662256125646646,9.350420530409954,1.9970823469379517,10.393522175039523,1.7754573758249874,11.338752516898651,1.5059484501698535,12.160995810129897,1.1937085096280504,12.837576354518767,0.8443907948532742,13.348522196099925,0.4640980558665694,13.676802410539338,0.05933576820144916,13.808539997324852,-0.3630307753349787,13.733202357207537,-0.7958156626341127,13.443771250543701,-1.2315480392616434,12.93689404517519,-1.6625044697067886,12.213017963546996,-2.0807381975166015,11.276508933539263,-2.4781055227727524,10.135756539016432,-2.8462895147655063,8.803266456853807,-3.176821273596341,7.295741659175894,-3.4610989476068186,5.634153554286246,-3.6904047046828583,3.843804138460905,-3.8559198452097148,1.954380134272943,-3.948738233245975,0.0
162,4,-0.9405132817291667,2.291472731361111,-0.9774919038122163,2.3324863575205614,4.995977191179793,5.004191345423976,7.0614791299998725,9.167867300860363,-0.0,-0.0,-0.11364702184746255,-0.03355288585442625,-0.11746016796978917,-0.09535002379097939,-0.03751953365281583,-0.137063954238504,0.10186838451920979,-0.12297266846647187,0.2783731175502076,-0.029021438167812254,0.47182197962126265,0.15821159281229918,0.6643568828142219,0.44263462226982114,0.8405627128642988,0.8198328288927867,0.987564667210459,1.278315528222385,1.0950929389399195,1.800803880372164,1.1555141452670898,2.3655426298049957,1.1638298970442102,2.947619307970635,1.1176438402713176,3.5202747649995234,1.0170993320064945,4.056189775001703,0.8647906104836759,4.528733721173967,0.6656508615576535,4.913162939164491,0.42682096006576425,5.187758099321781,0.15750287448494021,5.334891957037216,-0.13119822563193254,5.342020813698713,-0.4264392122723229,5.202595033015218,-0.7138078595377504,4.91688588191905,-0.9774919038122163,4.492727756449392,-1.2004452719290197,3.9461764680155214,-1.3645488800867531,3.302085674118294,-1.4507638643223255,2.594604722240939,-1.4392755638887669,1.8676021297848868,-1.309627024029327,1.175019650000734,-1.0408412002193443,0.5811623852470242,-0.6115314215733845,0.16093072213459922,-0.0,0.0,0.4904437668303432,0.12446273867908986,0.9329427716957541,0.4824448101400551,1.321409361456392,1.0483924019540025,1.651142619992398,1.7940580495199225,1.9187435312317873,2.6891728759922033,2.122028956179795,3.702076056011574,2.259945779259204,4.8003012585052645,2.3324863575205614,5.9511204456141655,2.3406061970564087,7.122045918667911,2.2861445879415947,8.281291915309493,2.171748754552206,9.398197383109204,2.0008019233807635,10.443611793916162,1.7773555757351922,11.39024602974302,1.5060660375382662,12.212990475082423,1.1921354618572741,12.889202501766885,0.8412571804477466,13.398965539775078,0.45956533691723284,13.725321898992037,0.05358866441366463,13.854481450262066,-0.36979176670418856,13.77600819568816,-0.8033810326350086,13.482986663735417,-1.2397052906742885,12.972169959165427,-1.6710433942867409,12.244111185272654,-2.089455422770974,11.303279839709221,-2.486808358944265,10.158164668130583,-2.854799143772332,8.821364344165092,-3.1849753294082013,7.309667231507151,-3.468753542464899,5.644121375535369,-3.697435958182467,3.850095768684275,-3.8622249740027144,1.9573338364735713,-3.9542362583762274,0.0
163,4,-0.9639667193680554,2.2611489593819445,-0.966375636937396,2.3502217298705417,4.994630203038276,5.004767573942657,7.23757016840528,9.046546058952584,-0.0,-0.0,-0.11747825569857018,-0.03448732414054391,-0.12536728258048344,-0.09922137570313369,-0.04919160615164049,-0.14585297353389634,0.08717024537980923,-0.13839220993886678,0.2616843367468279,-0.05233530534860541,0.4543455469132379,0.1263044423318716,0.6473427395725057,0.40205324377244595,0.8252006366940124,0.7711103305807182,0.9748947742200045,1.2225458104762674,1.0859367117775058,1.7395486632769768,1.1504275890868612,2.3007094874532075,1.163079122143433,2.8813219012244033,1.1212021585184635,3.454686305347971,1.0246639086453233,3.9934000261103364,0.87581588749935,4.470618649165623,0.6793953946675412,4.861274576423368,0.44240399672350883,5.143240418280489,0.17396693250738718,5.298426687369835,-0.11482236940075878,5.313805295318938,-0.4110683875184357,5.18235247717259,-0.7002460311399052,4.903906890049033,-0.966375636937396,4.485940673533249,-1.1921968371507963,3.9442431524408064,-1.3593381381692209,3.3035185561955585,-1.448479544103224,2.597900587385048,-1.4395060812963951,1.8713878748987687,-1.3116505999865162,1.178205288471451,-1.0436247264140215,0.5830967777173094,-0.6137372956046944,0.16155584590170116,-0.0,0.0,0.49291799769048,0.1250639741432021,0.9381836092029261,0.48496758876791535,1.3294835302276462,1.0542454044184295,1.6619254578572282,1.8046340265875602,1.9319536511497777,2.7057616293454303,2.1372621881921634,3.725794611158115,2.27670752710715,4.832040643474653,2.3502217298705417,5.99150811397395,2.358727469149354,7.171422585582104,2.30405571544169,8.339701395994341,2.1888667984612877,9.465387919367279,2.016575355193085,10.519047312502895,1.7912795182447372,11.473125783407959,1.5176945618869282,12.302275561941036,1.2010911085955462,12.983647831435292,0.8472379045273533,13.497155907190567,0.4623490963834661,13.82571093222299,0.05303588256657771,13.955432311358168,-0.3737376336148378,13.87583502936143,-0.810694593697772,13.579995904009987,-1.2502817640321138,13.064700716546652,-1.684702386743574,12.33057404461507,-2.105945748841322,11.382193500527272,-2.5058137172538344,10.228189953769121,-2.8759444837094335,8.88133519356025,-3.20783375607123,7.358618367029988,-3.4928536228896845,5.681312412638688,-3.722269306301573,3.8750315979398677,-3.8872540056019393,1.969781166377815,-3.9789020203474776,0.0
164,4,-0.9445591527152778,2.2453501588819447,-0.9650944867107426,2.339551524182163,4.996652928705813,5.004371095262083,7.09185598281642,8.98333723062377,-0.0,-0.0,-0.11735357382583929,-0.03450326208517973,-0.12430225954527231,-0.09896149895338265,-0.04691453448663879,-0.14475936457679367,0.09052328036667952,-0.13587867967463854,0.26570147564097046,-0.04795798635518678,0.45846129059014024,0.13274026222984864,0.6509454088827917,0.4104438630233671,0.8277215360175619,0.7810536557446656,0.9758767333146187,1.2333808735186027,1.0850810098431254,1.7504240195605931,1.1476195385266375,2.3106697041026436,1.1583937283801822,2.8894017760461272,1.114892214270101,3.460003409418591,1.0171335844858733,3.9952375287272672,0.8675833254197823,4.4684920368903365,0.67104799898347,4.8549776886458496,0.4345500669431934,5.1328680657392916,0.16718703016971206,5.284372886803642,-0.12002133909568469,5.29673775223683,-0.41429391917920577,5.163165312486857,-0.7012537087516106,4.883654692621862,-0.9650944867107426,4.465757750908223,-1.1887456335257909,3.9252523485911097,-1.354032471959517,3.2867342276677194,-1.4418299064074975,2.5841303101462763,-1.4322075750200587,1.861137234088958,-1.3045651586556044,1.1715897266243973,-1.0377569000545466,0.5797639886224247,-0.610204763388258,0.1606216432763568,-0.0,0.0,0.49004827393568834,0.12433544935016469,0.9327672542901017,0.48215189207653575,1.3219372135035843,1.0481701401493575,1.6527288333259855,1.7943521133412277,1.9216210213683125,2.6905755992920772,2.126317053236046,3.705267441429008,2.2656604167970564,4.805994670572542,2.339551524182163,5.960013731340594,2.3488662549970827,7.134778486261017,2.2953771052734573,8.298408114385138,2.1816775438508924,9.420116364533381,2.0111100229131567,10.470603884640743,1.7876979530593393,11.42241553716502,1.5160818355423231,12.25026473550877,1.2014596445152588,12.931326907045547,0.8495314692183266,13.445504213357312,0.4664483586482397,13.775663645793443,0.05876525784561195,13.907850571831549,-0.3666021160989251,13.831479741547449,-0.8024166404888512,13.539505679569464,-1.241155599143075,13.028574291190269,-1.675043156724455,12.299157406075814,-2.0960797186913576,11.355671872783855,-2.496068401960331,10.206584704983735,-2.8666388388919812,8.864505668192345,-3.199268531515587,7.346268585842118,-3.485301964787286,5.67300253698353,-3.715967677805534,3.870194015934462,-3.8823934808477505,1.9677410274526048,-3.9756199943055353,0.0
165,4,-0.9110152297518248,2.2604476700547442,-0.9529026818047024,2.3307637604146327,4.994125450504876,5.004932536986189,6.840004449673525,9.043740296787805,-0.0,-0.0,-0.11080283148094248,-0.03268831377148771,-0.115020129962538,-0.09304723130475595,-0.03786470861446323,-0.13415601327609666,0.09719315505474731,-0.12127218302205593,0.26859823193801285,-0.030916507820417147,0.45686627012684367,0.15012426513958796,0.6447202701352416,0.42586784409794476,0.8172044377623211,0.7922694866569593,0.961773640039219,1.2384060251154005,1.0683567631206,1.7476981491570467,1.1293930041436886,2.299157627544966,1.1398407982125187,2.8686458328099924,1.0971597600126308,3.4301299532851015,1.0012666790913793,3.956923632839583,0.8544672211425769,4.422899453981508,0.6613655298013277,4.803661645141637,0.42875437374316355,5.077668606969246,0.16548882701325657,5.227296265352517,-0.1176533025143222,5.239834814523382,-0.4081209732815191,5.108413053056109,-0.6917460219295285,4.83284618022647,-0.9529026818047024,4.4204045548231745,-1.1746675061607326,3.8865024737363534,-1.3389769716539042,3.2553074619421567,-1.4267803706728417,2.560271846372208,-1.4181859700340333,1.8445894907420761,-1.292598799964454,1.1615814834058746,-1.0288488241386706,0.5750152913274456,-0.6053086143028348,0.15936242383052188,-0.0,0.0,0.48662808164694804,0.12344636470055405,0.9267255139761267,0.478864951018855,1.3140212041348194,1.0413639611589194,1.6436164248644376,1.7832622027589446,1.9119094654029871,2.6747565836800784,2.116517469131596,3.6845511658184686,2.256196882924739,4.780446735073524,2.3307637604146327,5.929890511546145,2.3410149783075163,7.100486199264016,2.2886512471134823,8.260465059535592,2.176202629478816,9.379119090198817,2.0069571238284323,10.427197710176435,1.78489273024284,11.377269591766382,1.5146132904919658,12.204051459637927,1.2012882852510958,12.884705793571854,0.8505966784575922,13.39910943958149,0.46867482080692696,13.730095158931112,0.06206836049163402,13.863668134032352,-0.3623119417883757,13.789199410975852,-0.7972306361271493,13.499598196618233,-1.2351644171489473,12.991464849076966,-1.6683355611435717,12.26522630887935,-2.0887421730165636,11.325255617885226,-2.488185456751834,10.17997706784149,-2.858294225308327,8.84195841283272,-3.190546864033209,7.3279914722410355,-3.4762909566479245,5.6591623449273545,-3.706760775409131,3.8609123525950357,-3.8730928278125827,1.9630907317421034,-3.966339641740017,0.0
166,4,-0.8968277360659722,2.2888883443541665,-0.9688451403056048,2.351538148399758,4.997185018646802,5.005122222915273,6.733483156975287,9.157527523821145,-0.0,-0.0,-0.11114553803591846,-0.032813162862443276,-0.11479195590880832,-0.09323719518433396,-0.03625604730085613,-0.13391738748631365,0.10082211246462659,-0.11974660232741224,0.2746727571515173,-0.026977914685065787,0.4655733074690608,0.15775554972285363,0.6560043383126544,0.4385041513407892,0.8307810213336472,0.811137262560349,0.9771571540067977,1.2645377651335497,1.084899716678218,1.7818412615856707,1.1463327926974514,2.3417049354209687,1.156350599545543,2.9195906407897767,1.112400267477932,3.489046900268416,1.0144358267890048,4.022975017235968,0.8648455915105612,4.494865426249067,0.668355730026522,4.879991654989353,0.43191327431504173,5.156550788042865,0.16455213095469087,5.306741032781432,-0.12275418105049316,5.317768815781125,-0.4172493201692604,5.18277971148152,-0.7045568013162464,4.901709355750541,-0.9688451403056048,4.482052266650245,-1.192992341595474,3.939548134263969,-1.3587469717505587,3.2987866135361275,-1.4468834660039724,2.5937329328436927,-1.4373497392239787,1.8681777017214332,-1.3094055965669298,1.1761151591630243,-1.0417508472682122,0.5820547532919496,-0.6126424049058038,0.16127139510622482,-0.0,0.0,0.49214979714054824,0.12486253878894309,0.9369022442841071,0.4842420919988678,1.3279820575265036,1.0528116146555204,1.6605047752374507,1.8024573437884635,1.9308978217429822,2.702954607636795,2.1368191811683785,3.7226035052354445,2.2770751144995236,4.828823628304801,2.351538148399758,5.988707662618532,2.3610663660970004,7.169534270367655,2.307424843353147,8.339241122837928,2.19320989940178,9.46685933030003,2.021776675861363,10.522910811029146,1.797170417074484,11.479770362251928,1.5240617033588666,12.311994351323554,1.207685783926404,12.99661804429368,0.8537860679125088,13.513423639657947,0.46856175891723495,13.845181085442702,0.05861955934612306,13.977863735142979,-0.36907067580008124,13.900840849028581,-0.8072164916851725,13.607048877819116,-1.2482397750577992,13.093143380833277,-1.6843102844103068,12.359633334859204,-2.107375980067396,11.410999486915035,-2.5091903708352916,10.255798296899869,-2.881337094665649,8.906752907442366,-3.215251947930467,7.380832470105966,-3.5022425721788193,5.699321051138788,-3.7335059993528765,3.8878772374171686,-3.9001442469727365,1.9765854650553796,-3.99317814425404,0.0
167,4,-0.9408918072916665,2.279901766118056,-0.974129476221028,2.3394115789076504,4.996737553171995,5.003698430735876,7.064321142347481,9.12157346003068,-0.0,-0.0,-0.10874261226658435,-0.03220727991705803,-0.11021805819923242,-0.09087328463815675,-0.029919669933711122,-0.12880602766298785,0.10839670963260338,-0.11113400257386549,0.2829014452471122,-0.014389588623214877,0.47386165795571034,0.17449753157382072,0.6637897614929975,0.4592868738749687,0.8375667603780731,0.8355817329923458,0.9825378154521647,1.292038566268567,1.088578394022393,1.8116168588957582,1.1481301740979304,2.372854519408889,1.1562067261314495,2.951153653244347,1.1103698138777451,3.5200617806303165,1.0106779052260189,4.0525341766869065,0.859609136709299,4.522163974753997,0.6619615113113552,4.9043679349980405,0.4247335151092135,5.17751727722785,0.15698860860935102,5.324004642869875,-0.13029281524060643,5.331240018490758,-0.4243704049058225,5.192570256663661,-0.7109062591195845,4.908118608992257,-0.974129476221028,4.485542387647918,-1.19699983081445,3.9407084515779567,-1.3613679050902943,3.298287637044504,-1.448129381953068,2.5922704947668205,-1.4373716073929017,1.866407742777149,-1.3085109332966027,1.1745796892614975,-1.040419744457306,0.5810995251806492,-0.6115424429357933,0.16095584106103591,-0.0,0.0,0.49083348633478896,0.12454593040798934,0.9340249410173569,0.48288504067508226,1.3234035436531886,1.0495943779569112,1.6541812843419483,1.7965145326155516,1.9228733412747805,2.693421262611143,2.12721622932667,3.708656686785822,2.2660851252370255,4.809719292121539,2.3394115789076504,5.9638126537678104,2.3481026286180917,7.138353323179938,2.2939621552444494,8.301438802473125,2.1796151403252475,9.42227689750374,2.008435337400242,10.471578035103002,1.7844767268495856,11.421912349107822,1.51240900207137,12.248033493646592,1.1974572291936183,12.92717123895679,0.8453457330553025,13.439294953086979,0.4622461879707778,13.76735008003642,0.054729831618325196,13.897469698541034,-0.37027632708397507,13.819163192516058,-0.8055294714579223,13.525483990106187,-1.243507303611934,13.013178238649747,-1.6764409436915322,12.282816182203153,-2.0963446222702267,11.3389079004824,-2.4950423912109474,10.190004956415004,-2.8641920784193475,8.848789386628718,-3.1953067081829603,7.332151357284822,-3.4797736021057912,5.6612566983805515,-3.7088713667503446,3.861605424287043,-3.8737849636203134,1.9630822477984415,-3.965619045586564,0.0
168,4,-0.9626671529469026,2.2503223061061948,-0.9383879094009001,2.307463665532688,4.999175543844658,5.00455627593945,7.227812878062556,9.003230107954757,-0.0,-0.0,-0.10121333926855303,-0.030067056445653557,-0.10073608423267981,-0.08427351369547552,-0.022833509462656065,-0.11790845591263678,0.10994392758344533,-0.0979716055981357,0.27691462942722617,-0.0022768151558812118,0.4594044314829711,0.181517704551198,0.64086725861448,0.4569440574809783,0.8069857973665422,0.8198147454773175,0.945750543536062,1.259357740184307,1.047516049695566,1.7593854176478334,1.1050336867797637,2.299485763376572,1.113460734423958,2.856224037660703,1.0703461124580014,3.404343123132962,0.9755935467246134,3.91795105394743,0.8314034124120576,4.3716847366010585,0.6421949043912931,4.741839597668727,0.4145105350426587,5.007455808738408,0.15690524612775364,5.151352813467836,-0.12017736473621536,5.161105081577331,-0.4045390647918813,5.0299533025149845,-0.6823685557355792,4.7576465688747245,-0.9383879094009001,4.351212447993922,-1.1560012730217808,3.825653162792585,-1.3174433971313768,3.204567366231282,-1.4039257424417027,2.5206981684315557,-1.3957781680044152,1.8164091373752438,-1.2725844796871577,1.144090924795394,-1.013310413451114,0.5665019560237113,-0.596422930457876,0.15704725974512718,-0.0,0.0,0.47993379591618945,0.12172825314465684,0.9144392169941192,0.4723546743700927,1.2972798225937778,1.0275492815937208,1.6235480411167258,1.7601987478311825,1.8895990978994484,2.6410544994509904,2.092981274834698,3.6393468040985977,2.232363815783434,4.723363347665928,2.307463665532688,5.860991425637326,2.318972094544734,7.020223434412909,2.268482122236916,8.169625839523643,2.15841751251919,9.278772219165132,1.991963980513599,10.318641334397446,1.7730031217190627,11.26198146455664,1.5060494565455151,12.083642472046334,1.1961908756088209,12.760877229783372,0.8490326753224435,13.273614162806528,0.47064528948804907,13.604702728864371,0.06751575068870357,13.740133697184426,-0.3534971451010516,13.669236085962991,-0.7852040468333539,13.384852592998017,-1.2201227453629548,12.883495305522404,-1.6505125053840832,12.165483409432714,-2.068405201211079,11.235064538999783,-2.465633440896967,10.10052131953457,-2.833855872825557,8.774264560596464,-3.1645798735310358,7.272914458918351,-3.449181815971686,5.617371070572397,-3.678925114607856,3.8328752128817474,-3.8449762381207067,1.9490608596910919,-3.9384188730810736,0.0
169,4,-0.9531867347291667,2.3077553543611113,-0.9670094248875334,2.346502751022285,4.996505209405884,5.004889819715102,7.15663283553819,9.233011836481904,-0.0,-0.0,-0.10953548860809822,-0.03238632112563431,-0.11214475136754294,-0.09172272260012197,-0.033111793210889806,-0.13093345226616923,0.10397280480563559,-0.11516973117842876,0.2774043124332611,-0.02091429152622614,0.4675386166241391,0.1650060660393127,0.6569452217638103,0.4464900156746835,0.8305350158931802,0.8193015705274703,0.9756601064040663,1.2722669422868145,1.0821838933925154,1.7885139354878827,1.1425204623724088,2.346738727349755,1.1516432947660027,2.922484654756883,1.1070641709895812,3.489417850833663,1.0087839384576298,4.020585214350901,0.859217503990277,4.4896412082981625,0.6630959640851335,4.8720313080959174,0.427349193748794,5.146121484734024,0.16097247071423063,5.294264838774662,-0.1251191790176601,5.303798322789152,-0.4182452550202868,5.167964331447652,-0.7041191619505978,4.886753736280703,-0.9670094248875334,4.467668641653152,-1.1898997901883375,3.926404696197261,-1.3546456336648542,3.2874541777980557,-1.4421245005008567,2.5846322595029823,-1.4323790144328963,1.8615298482966027,-1.3047508000891643,1.1718971677297274,-1.0380044480539137,0.5799628359180361,-0.6104409066177967,0.1606935855637715,-0.0,0.0,0.4904359356141082,0.1244243760479485,0.9337360602193087,0.4825719270233524,1.3236706702001555,1.0492585563499461,1.6553825847495027,1.7965316195859622,1.9253094949522944,2.6943368889586368,2.1311042665020197,3.711146120782822,2.271554537040333,4.814544546192063,2.346502751022285,5.971778226333145,2.356767585291261,7.150261736757752,2.304067541036139,8.318047077387844,2.19094731507923,9.444255050931426,2.020707417021771,10.499470621795775,1.7973373692939287,11.45610396772897,1.5254527145676824,12.288719076101943,1.210235958720998,12.97433182424214,0.8573814966434286,13.49267952648251,0.47304450145170573,13.826463936990855,0.06379370379879759,13.961569673751482,-0.36343205449152177,13.887259981353237,-0.8013636406534081,13.596351683859508,-1.2424379970066521,13.085371098670516,-1.6788312410703754,12.35469259194997,-2.102488698185212,11.408661359274763,-2.505152070055086,10.25570191451437,-2.8783839434162566,8.908413667885595,-3.213589840485666,7.383654872539766,-3.502038007663932,5.702616119412228,-3.7348771317978344,3.8908844635476867,-3.903152164676064,1.9784991725693346,-3.9978184267877226,0.0
170,4,-0.9609543598263889,2.3393483344583332,-0.9758100306358208,2.3242498922529253,4.99844156717236,5.004610691186064,7.21495303534744,9.359411005542936,-0.0,-0.0,-0.10105836164571017,-0.03014307788591276,-0.09799542874194846,-0.08371329770433544,-0.015733774342030417,-0.11494825369735522,0.12251872099120588,-0.0901257815875337,0.29544522179971733,0.013338058078944073,0.48378038164682996,0.20787535498319912,0.6704512571482448,0.4968282053106815,0.8406955566389266,0.8755754776064465,0.9821546894328561,1.3327124948831914,1.0849397717373017,1.8512705420925601,1.1416694928544322,2.4099623712854648,1.147479517012036,2.9844395212279786,1.1000038586177197,3.5485472975870196,0.9993293904105789,4.075563661431184,0.8479252969456615,4.5394090201542685,0.6505498470600896,4.915814965678094,0.41413731125623265,5.183441309501009,0.1476681824659424,5.324932265388438,-0.13797393298111674,5.327904267006885,-0.43015530148509706,5.185859617676642,-0.714651502168303,4.899021892994901,-0.9758100306358208,4.475090699438867,-1.1967129980614548,3.9299149850309174,-1.3593371498711455,3.2880855617685167,-1.4447087734631063,2.58344880288647,-1.4330514433434276,1.8595445995911504,-1.3039249469660334,1.169972589303197,-1.0363541292933656,0.5786913968022191,-0.6089467747033402,0.16025616466117862,-0.0,0.0,0.48847883184815155,0.12395923899765465,0.9293130566278754,0.4805300404908881,1.3164123614052023,1.0443088593091585,1.6450568508827692,1.7871927478230973,1.9118195805372766,2.6790453452834946,2.114486345492202,3.688323382888832,2.2519741872494827,4.782662705724194,2.3242498922529253,5.929423496890923,2.3322495676611372,7.096194978875588,2.277800196294911,8.251260363726168,2.1635438988738525,9.364023230649241,1.9928654705791051,10.40539683284536,1.7698236128228493,11.348158081725586,1.499086151097292,12.16726813390248,1.185869416368665,12.840161622741613,0.8358818705016284,13.347006640073024,0.45527197499093974,13.670937592964316,0.05058023583246721,13.798263042893982,-0.3713046955604609,13.71865058731246,-0.8031860262810893,13.425290772858046,-1.2375951216808538,12.91504194111139,-1.6668243127875668,12.188557806709724,-2.0829564362205626,11.25039945817503,-2.4778913378686487,10.109133357539138,-2.843369572672759,8.777416798746634,-3.170993529648449,7.272072169289621,-3.4522462047444678,5.6141512464749255,-3.6785078350885723,3.8289906505985356,-3.84107059732577,1.9462594731761291,-3.9311515607009926,0.0
171,4,-0.96806947925,2.369542259298611,-1.0184416050476648,2.359875517963142,4.996812839047466,5.0061303899065175,7.268374149427735,9.480212746903128,-0.0,-0.0,-0.10180331246881417,-0.030512693846478978,-0.09569693052765638,-0.08382713822308135,-0.007789629709773166,-0.11258614370105519,0.13760891392146096,-0.08204604020277022,0.31819276672000585,0.03087482098149618,0.5138430535351284,0.23864475361239104,0.7067855320270742,0.5442528137227995,0.8817188260636264,0.9424144597162379,1.0259106736473487,1.4208334217405383,1.1292605864462932,1.9615033423840549,1.1843283911807312,2.5420322174213625,1.1863291729874232,3.136972664997692,1.1330961170640093,3.719141559775713,1.0250136047496445,4.260913537291823,0.8649236311668738,4.735474236323578,0.6580091524712472,5.118020823233767,0.41165833213321584,5.386899244153711,0.1353138390149648,5.52466968866896,-0.159688633619228,5.519093835763136,-0.460288590907151,5.364039510081198,-0.7518719198164823,5.060300335806973,-1.0184416050476648,4.616329781238447,-1.2427849711230912,4.048890598039627,-1.40663490775932,3.3836220476336054,-1.490823015564598,2.6555284588777988,-1.4754230840009879,1.9093935733073741,-1.339883765757174,1.2001258139538888,-1.063149727751781,0.5930400759242003,-0.623770929600703,0.16408190212467139,-0.0,0.0,0.4991202028344217,0.12670946717212214,0.9485051788617495,0.49082282170873753,1.3422132329282883,1.0659274513101482,1.6756897797264474,1.8229902444773523,1.945680748825348,2.7310295624372443,2.1501451482812577,3.757743643181158,2.2881681106110485,4.8700953575712616,2.359875517963142,6.0348538420721995,2.366351091677126,7.219094027456814,2.3095566382516295,8.390655476320552,2.192255970851904,9.518562244159815,2.017942873589717,10.573405699483212,1.7907733447369172,11.527692388418583,1.515502243976948,12.35615911878419,1.1974243764818597,13.036057477316367,0.8423199714515891,13.547409990671484,0.45640445302596166,13.873240104102289,0.04628235537188375,13.999778088606599,-0.38109480053080586,13.916644904221988,-0.8184668750480862,13.617015949472664,-1.2582999452958594,13.097766519416165,-1.692817838704409,12.35960068116863,-2.1140305985443257,11.407165159394866,-2.513760113534298,10.249149707601354,-2.8836631384130498,8.898375326189926,-3.2152519244279065,7.371871576675893,-3.4999126688027657,5.690944134402024,-3.728921981009154,3.8812336203133775,-3.893461551577459,1.972766656441658,-3.98463119665775,0.0
172,4,-1.0262111512569445,2.3996494743472225,-0.9764466328179202,2.3277818218252078,4.996983428705612,5.005578388758042,7.704908339253843,9.600667574310208,-0.0,-0.0,-0.10421350147632821,-0.031024311079189744,-0.10238971135757081,-0.0865494432053266,-0.02001581790040939,-0.11999894400024963,0.1192080609495727,-0.09710122833586256,0.29355307712875994,0.005050760616643522,0.4834258321682654,0.1990271426361029,0.6715090545072839,0.48816503800842975,0.8428759581662632,0.8677363662015737,0.9850762248935676,1.3261657987929112,1.0881923679152112,1.846284333195207,1.144866072545677,2.406603541963707,1.1502949306588932,2.9825955569115696,1.1022007580736475,3.547964251511063,1.000771376116344,4.075893856522202,0.8485783265403923,4.540262336168859,0.6504734549811994,4.916808208622356,0.41346763197844055,5.184241051225622,0.1465950794899304,5.325287620717341,-0.13923316112812387,5.3276672749729,-0.43138313635911296,5.184992142351335,-0.7156559381206138,4.8975891908293185,-0.9764466328179202,4.473242953277457,-1.1969013962468487,3.9278591287342572,-1.3590704486546847,3.2860505738750896,-1.444054770845466,2.5816483057891775,-1.4321449771935495,1.8581410479894958,-1.3029511089847223,1.1690475661577395,-1.03552247869119,0.5782265655419908,-0.6084570327210181,0.1601292709618647,-0.0,0.0,0.48815705496000034,0.1238730162975288,0.9288382995756789,0.4802364914588158,1.3160023511986938,1.043784274912173,1.644959056623677,1.7865305456897096,1.9122911503457798,2.678465934975033,2.115774366047728,3.688174034547629,2.254297260992046,4.783407840742188,2.3277818218252078,5.93162626532117,2.337105737706756,7.100491332822123,2.2840270562388003,8.258327083723717,2.1711117817953784,9.374541520899927,2.0016648359389526,10.420013180970956,1.7796646762360588,11.36744409046755,1.50970176286172,12.19168098747409,1.1969209713291287,12.870006760703681,0.8469679735539858,13.38240408749605,0.46593954707916163,13.71179324719216,0.060337722322104624,13.844246053272567,-0.36297236121870163,13.769177792415237,-0.7968010481336244,13.479518986404946,-1.2336693889372428,12.971868708100526,-1.665841183752583,12.246631089278972,-2.0853520490223443,11.308136559361943,-2.4840357115701903,10.164749252473067,-2.853547733565383,8.82896191816052,-3.1853868680800743,7.31747957019496,-3.4709142386814698,5.651293009484642,-3.701370528478054,3.855743262371064,-3.8678913547534943,1.9605778851376015,-3.9615209952001362,0.0
173,4,-1.0706481391527778,2.3478431304375,-0.9795912101580517,2.2852669698580783,4.998162019791221,5.003660840199493,8.038546224781168,9.393397516147678,-0.0,-0.0,-0.09530115081672802,-0.028678321404208305,-0.0873525964916091,-0.0781023382577301,-0.0014872799978542153,-0.10305526235980164,0.13884466034804674,-0.07052322272695288,0.31223817561939504,0.04128749509508704,0.4994752456706251,0.24400938412198997,0.6836438908705501,0.5402379852258704,0.8502322330294693,0.9247094964756118,0.9871961939213868,1.3855188679163812,1.085000062932086,1.9053649812998918,1.1366298181911643,2.462809293308045,1.137579725893786,3.0335344240564854,1.0858133487933832,3.5915895884392874,0.9817006469843513,4.110610474045789,0.8279333344964139,4.565002134355389,0.6294210496248417,4.931074650107059,0.39317119509634835,5.188122669410488,0.1281555004025572,5.319441418578537,-0.15483354809718433,5.3132733293938355,-0.4433332698358909,5.163681003800369,-0.7233653038152396,4.871343785900014,-0.9795912101580517,4.444276690462575,-1.1954665410670184,3.898471810049653,-1.353391058980724,3.2584635597954064,-1.4348531109397202,2.557820198311528,-1.4205665186024932,1.839564971552107,-1.2905986982117283,1.1565309579365861,-1.0244890710541612,0.5716542487144868,-0.6013571516934115,0.1582104845914728,-0.0,0.0,0.4816272820216663,0.12224939877229825,0.9157006212296006,0.4736938640859203,1.2964270510310918,1.0290515224134877,1.619335539296645,1.7604776766168282,1.8811995556415608,2.63820650779193,2.079958081528374,3.631153616601239,2.214636292745926,4.707478940154691,2.2852669698580783,5.8351101517312856,2.292813522070339,6.982227135638293,2.239095347829706,8.11770853128958,2.1267161044593075,9.211541663974149,1.9589953213544853,10.235197430909194,1.7399036679853541,11.16197189699507,1.4740020796893178,11.967296482618087,1.166384850933551,12.629018703397572,0.8226267268633917,13.127655456311468,0.44873395867570276,13.446620845178753,0.0510992355860043,13.572430507557119,-0.3635396353223852,13.494884350684913,-0.7881374615500559,13.207229531482412,-1.2153759928635834,12.706305429512282,-1.6376950424053274,11.992672266230954,-2.0473206083927944,11.070724922283308,-2.4362902073145105,9.948793399880122,-2.7964756290354877,8.639231271809441,-3.1196033203646145,7.158493354268655,-3.397272597171495,5.527203738949877,-3.6209718767290684,3.7702152218015,-3.7820931121599246,1.9166610724528839,-3.8719446001463753,0.0
174,4,-1.1285174143216783,2.3855735254965036,-0.987751029248559,2.3187234010509266,4.999328702851791,5.004074147527713,8.47303522861757,9.544351638523167,-0.0,-0.0,-0.09867256853168287,-0.029579759511474513,-0.09269896138475951,-0.08124058114454623,-0.007478198472943022,-0.10908096532382283,0.13340748778977418,-0.0794523701611764,0.3083675555443012,0.029993641845080344,0.4979587397275464,0.23134101909921964,0.6850182132116852,0.5275171418419421,0.8547717624524498,0.9134611713900419,0.9949150469491963,1.377339824604182,1.0956667007967689,1.901796775447177,1.1497927572091275,2.4652214444499774,1.152602605483445,3.043022859828981,1.1019173962740596,3.6088945568368396,0.9980124681085099,4.1360571067222756,0.8435359512567129,4.598465802476625,0.6434061938544562,4.971972233093075,0.4046910342799083,5.235429900101956,0.13647220385680459,5.371735612234319,-0.1503017180270055,5.3688000756730645,-0.4429703552370674,5.22044281797569,-0.7273212427305548,4.927208285868372,-0.987751029248559,4.4971015887224794,-1.207425281755064,3.9462438761830954,-1.3684343285675966,3.2994487046147283,-1.451942950055038,2.5907219369116365,-1.438332120386554,1.8636887176908656,-1.3073314033395,1.171951864124802,-1.0381409940715156,0.5793866132099313,-0.6095427642295317,0.16037707774516816,-0.0,0.0,0.4883830894817797,0.12395689378150705,0.9286864922718386,0.4803618662942764,1.3149761747877948,1.0436335820181486,1.6426708299739865,1.785565128929774,1.9084623099013207,2.675980594672688,2.1102342780408234,3.6833513538708247,2.246980425519749,4.775371520630867,2.3187234010509266,5.919492643699733,2.3264354143467956,7.083418248810875,2.2719612925078922,8.235559267097363,2.15794460162345,9.345451735780047,1.9877572939755441,10.384138424819628,1.7654332061192983,11.324516238925034,1.4956056151970076,12.141651376750538,1.1834489599388767,12.813064306869526,0.8346247481997403,13.318986651529173,0.45523160350599723,13.6425920621626,0.05175934762457525,13.770203132456501,-0.36895302683549425,13.691476332039848,-0.7997556718223404,13.399566862428305,-1.2332226878521546,12.891275241833927,-1.661683631782695,12.16717732120304,-2.0772519513380425,11.23173932405729,-2.471850571727327,10.093419390425305,-2.8372348576625774,8.764756992828522,-3.165013168612391,7.262451481874573,-3.4466652170613674,5.607430912017303,-3.6735584295899595,3.8249121955812164,-3.8369624993411104,1.9444535360095303,-3.9280623063922455,0.0
175,4,-1.1340522550972223,2.369858084451389,-1.0287596900379068,2.335539111793146,4.9955956671757855,5.004810853060532,8.514591433493825,9.4814763199107,-0.0,-0.0,-0.09929970066264156,-0.029935413549327022,-0.08990540289154543,-0.08119358497959095,0.0013987242114429064,-0.10619999750709247,0.1497733238076661,-0.07029507923116877,0.3325293000191878,0.04929059815891681,0.5293062162599236,0.2645572655300447,0.7222197379952804,0.5779385042789003,0.8959752715227881,0.9835691600476534,1.0379460888594536,1.4686012443779848,1.1382153881944375,2.014549881771536,1.1895828609058918,2.598651367471688,1.1875373672622154,3.1952159493112617,1.1301982203750482,3.7769589787175613,1.0182283099811744,4.316295516143638,0.8547228449599903,4.786585236744372,0.6450778493474103,5.163316468496493,0.39684271561028567,5.425220312146266,0.1195611153776714,5.555307950144784,-0.1753955866187916,5.541826368977397,-0.4749985483049344,5.379129727082507,-0.7647318023114464,5.068465444019127,-1.0287596900379068,4.618675725589221,-1.2500888000026609,4.046816648628289,-1.4107223214924651,3.378698095888254,-1.491805204086519,2.6493487552670434,-1.4737589669125353,1.903411087638546,-1.3364054158081258,1.1954716401977759,-1.0590788934269721,0.5903323593310489,-0.6207270020526202,0.16322866359496627,-0.0,0.0,0.4958349420682159,0.12590853585852987,0.9415799549618644,0.487478591874001,1.3315447611176106,1.0581842505796146,1.6613960227913875,1.8089973841195703,1.9280685226437266,2.709043926611501,2.1296767945888604,3.726215798537965,2.265428310516212,4.827738994126355,2.335539111793146,5.980698840498863,2.341152578208229,7.152523831876481,2.2842618525782292,8.31142974391936,2.167636286920971,9.426825953401103,1.9947521453789556,10.469686037805253,1.769727688862715,11.412884818645715,1.497262675163345,12.23150405123566,1.182582234310762,12.903108961330998,0.8313850203584656,13.407997793712934,0.44979549566511884,13.729426476563226,0.04432017027600953,13.853810424707213,-0.3781924045589469,13.770905409830815,-0.8105881049682555,13.47396932116393,-1.2454403898196962,12.959906529637692,-1.6750803704363553,12.229396455253141,-2.091624020743677,11.287007823824135,-2.4869967490018476,10.141299987325716,-2.8529555447731476,8.80491257328598,-3.1811089053909,7.294644624115566,-3.4629347355197018,5.63152428776114,-3.6897964019054252,3.8408700271225804,-3.852957113493903,1.9523442275927092,-3.9435927850569525,0.0
176,4,-1.1312776257638888,2.4188037879027777,-1.0123274367899968,2.2934191101986667,4.995863605053791,5.005241436272568,8.493759205484459,9.67730134896224,-0.0,-0.0,-0.09597581124209757,-0.029010953452323684,-0.08536103026535982,-0.07822058607362396,0.005374512094269624,-0.10102957191131101,0.15174697965275552,-0.06358534955006101,0.3314466896239641,0.05625895311047666,0.5244994778567458,0.2700731267142421,0.7133980770420026,0.5800517880944347,0.8832012613844382,0.9802739916230201,1.0215995118648113,1.458004073851461,1.1189469626731015,1.995016890444451,1.168260355883298,2.568930728886819,1.1651866169616092,3.1545317695016366,1.1079414342922473,3.7250749716481986,0.9972218562493231,4.2535476173942115,0.8360963936064297,4.713883376992093,0.6298764270032438,5.082116589139222,0.38597287151189147,5.337468393426876,0.11374205362094883,5.46335833512402,-0.17567537300219035,5.448337012955163,-0.46951888651830237,5.286937197872774,-0.7535726712037082,4.980442565421905,-1.0123274367899968,4.537574718807583,-1.2291370401052215,3.9751005091321425,-1.3863679097943002,3.3183627700045597,-1.4655397151306662,2.60173847277928,-1.4474561409049196,1.8690289818449604,-1.3123250197456844,1.1737875595223717,-1.039867422244514,0.5795895553808555,-0.6094156085264594,0.16025083680175048,-0.0,0.0,0.48675804566216224,0.12360467347729832,0.924333291079249,0.47855308086817877,1.307165058778497,1.0388066955453605,1.6310166653004674,1.7758812366325925,1.8928891900878475,2.6594871150888926,2.090935678627883,3.658126824114647,2.224376841785224,4.73964976528519,2.2934191101986667,5.871765481336609,2.29917571717085,7.022516648826339,2.243591317340581,8.160713478245443,2.1293705022577334,9.256331385427641,1.9599104476375073,10.280873946259751,1.7392378198020126,11.207703236496677,1.4719499794353967,12.012339699176524,1.1631604478104678,12.67273368230164,0.8184485424535165,13.1695107569021,0.443813044097632,13.48619286729341,0.04562972304052393,13.609397287391964,-0.3693874709569791,13.529015264640867,-0.794221766846258,13.238372130916964,-1.2215856990740728,12.734370551494843,-1.643950226854177,12.017618471832535,-2.053571068694959,11.092543210116723,-2.442512470349205,9.96749303314509,-2.8026686170964616,8.654827445759281,-3.1257828920664656,7.170997320819389,-3.4034651717556055,5.536615898450045,-3.6272073384653543,3.7765215905410545,-3.788397177498711,1.9198334395816075,-3.8783308149047313,0.0
177,4,-1.1346364973541665,2.414769922701389,-1.034735075775948,2.328577558094504,4.998446052707266,5.003616468475253,8.518977989839621,9.661162408982827,-0.0,-0.0,-0.0995574701158998,-0.030019932509137814,-0.089970170171533,-0.08137607687137649,0.0018996128367597767,-0.10628705786530702,0.15111354716806896,-0.06993099329588019,0.3348699838868426,0.050570645381374464,0.5326905774322562,0.2672692204906254,0.726576208826108,0.5825909218916869,0.9011286867085003,0.9906082893737118,1.0436359056692952,1.4783635203105678,1.1441194139386293,2.0272249757556673,1.195344610920781,2.6142580929459553,1.192794990653199,3.213592325688592,1.1346129104696796,3.7977667145414897,1.0215102484415488,4.339038157635751,0.8566529875877431,4.810638312553684,0.6455242147346196,5.187967200592724,0.39577024820258133,5.449713894368118,0.11703462570430014,5.578897039354177,-0.17921548285895011,5.563820291009949,-0.4798661911166568,5.398939957520453,-0.7703333269706563,5.085644157216258,-1.034735075775948,4.632944581237153,-1.2560580867935438,4.058083466023297,-1.4163148581961025,3.3870596135569504,-1.496690765040457,2.655078251242296,-1.4776796078556018,1.906930210948215,-1.3392070220873058,1.1973063499239252,-1.0607414913336106,0.5910533628814414,-0.6213930456725587,0.1633771757636932,-0.0,0.0,0.4959056502427966,0.1259458459551755,0.9412860577166082,0.4874766848305349,1.3305290747158511,1.0578680939360565,1.6593865379312673,1.8079344387847276,1.9248815208796268,2.706687667650088,2.1252164968370604,3.721949907059768,2.2596835534262585,4.8209206093492885,2.328577558094504,5.970699512472454,2.333112957389888,7.138767066702308,2.2753447032442717,8.293424275771631,2.158093636222636,9.404194104708829,1.9848765178140664,10.442186736108615,1.759840789609947,11.380431023113305,1.4877040445372436,12.194174502282753,1.1736981218804865,12.861154303004104,0.8235176812637949,13.361841231164926,0.4432730687463535,13.67965922133546,0.03944725850221168,13.801182250391971,-0.3811433658340779,13.716310692012291,-0.8113846370171273,13.418428970463598,-1.2438968882321917,12.904546247385786,-1.6710641450838666,12.17542174988895,-2.0850604699003568,11.235676224602901,-2.477873694231364,10.093890882145088,-2.841326764695867,8.762695081137817,-3.167096915100772,7.258843891336492,-3.4467328645861977,5.603286572233061,-3.6716702279238578,3.821226907017397,-3.8332453103678006,1.9421762421502045,-3.9227074459128692,0.0
178,4,-1.116380992048611,2.372359683111111,-1.0129892051613598,2.3275309574698713,4.998048148258677,5.004887945122818,8.381913609966352,9.491484872156803,-0.0,-0.0,-0.10301085035143294,-0.03084492830574164,-0.0975279414792467,-0.08493765011746358,-0.009912666123972357,-0.11469445839747258,0.13532845856227807,-0.08525745128780685,0.315746037244576,0.026484296634319265,0.5111277416117241,0.23296930707804472,0.7036515998395958,0.5371217451517534,0.8780090923921192,0.933578691075074,1.0214954794469238,1.4099708534388673,1.1240658440836413,1.9482399154797463,1.1783564335884034,2.525975222023203,1.1796719613685143,3.1177525778848114,1.1259405397996296,3.696458515785479,1.017638802720405,4.2345844549291884,0.8576905083161617,4.705476640884726,0.6513424640435485,5.084529548402531,0.4060219732531814,5.350312447238751,0.13118016904474278,5.485620980190845,-0.16187441341823552,5.478447788870147,-0.46014784844743256,5.322868361068396,-0.7491345429536876,5.019840290930366,-1.0129892051613598,4.577915981243471,-1.2346940679728848,4.013870433594628,-1.3962188890014011,3.3532471403450326,-1.4786717722476495,2.6308262005122853,-1.4624393656494499,1.8910196308460778,-1.3273154654495365,1.1881994454094524,-1.0526174887559796,0.5869644517482046,-0.617290650927106,0.16235188480577148,-0.0,0.0,0.49350473592162447,0.12530149415766084,0.9374537687880912,0.48523733249785184,1.3260601432784178,1.0535238563292406,1.65491015379786,1.8013309498372527,1.9208738373623482,2.6979463223565623,2.1220153657439904,3.711394953350041,2.257504616038801,4.809013979933462,2.3275309574698713,5.957983885279405,2.33322007077313,7.125817308876472,2.2765544176461505,8.280807157099096,2.1602978027223636,9.39243595652575,1.9879243194531926,10.431748574917641,1.7635518433565145,11.371690547541023,1.4918801299175823,12.187414300831131,1.178133488198612,12.856555571691892,0.8280079328847055,13.359482288469806,0.4476226649328924,13.67951811725171,0.04347569207581486,13.803142791965126,-0.37759662687305406,13.720171245116983,-0.8084563475567796,13.423913443214358,-1.2416972587039774,12.911316711388595,-1.6696750002600087,12.183092209090397,-2.08453422550218,11.243827095814206,-2.478233045770467,10.102083804889988,-2.842564987667143,8.77048772615639,-3.169178681705534,7.26580448604853,-3.449595489107905,5.609007907167742,-3.675225260324163,3.825339629307362,-3.837380405314323,1.9443612804963764,-3.927288442058978,0.0
179,4,-1.0854429627222222,2.29596513675,-1.0114174782922571,2.3340997731293043,4.996083832347522,5.003623276983949,8.149627418313687,9.185840797076724,-0.0,-0.0,-0.10794867854253254,-0.03216508650826467,-0.10549342387358818,-0.08955702508488912,-0.019297209161842754,-0.12371197216687531,0.12582677697015254,-0.09904441416389431,0.3071280797278484,0.008131825968287227,0.5041085692684684,0.21068343211636467,0.6986839166786369,0.5118253855337356,0.8753131242487202,0.9063616448742526,1.0210933677714205,1.3819820093867399,1.1258185967918324,1.920597382054089,1.182001559564624,2.4996951776922764,1.1848601058427135,3.093696753774369,1.1322697109445823,3.675299446055163,1.0246851072410899,4.216787005529108,0.8650346659572216,4.6912938738634145,0.6585917197542456,5.074010701784229,0.4128273470345339,5.343320701761279,0.13724925861305662,5.481858725214649,-0.15676864533128304,5.477487264110296,-0.4561617178371182,5.324185807549494,-0.7463510465300522,5.022852061439093,-1.0114174782922571,4.58201540662533,-1.2342702171697124,4.018464589052644,-1.3968075779969047,3.3577929828975623,-1.480068029114388,2.6348658380636567,-1.4643701833555405,1.8942147238268583,-1.329440879469997,1.1903649280074171,-1.0545309242600611,0.5881018904661857,-0.6185184320276976,0.1626828703479016,-0.0,0.0,0.49461244913844393,0.12557798971346118,0.9396542469369389,0.4863424903673958,1.3292946722565824,1.0559909918473454,1.6590857449617102,1.8056550956383928,1.925870994838301,2.7045690979012074,2.1276944494530383,3.72069295429347,2.2637110895088393,4.821290058887194,2.3340997731293043,5.973460831120474,2.3399794066858886,7.144633548460465,2.2833289411883473,8.303014200542036,2.1669116004084854,9.417997385775701,1.994203599252977,10.46054043656297,1.769327487129691,11.403503056611795,1.4969901493392603,12.221954794912644,1.1824254177409785,12.893452676222312,0.8313411778217599,13.398291266808608,0.4498708105559248,13.71972738499464,0.044528771874244755,13.844181575838189,-0.37782991190796783,13.761418364152265,-0.8100464696180543,13.464707185085349,-1.2446917763831045,12.950965770802409,-1.6740965568470763,12.220887648810358,-2.0903786439288683,11.279055284821926,-2.4854675300601037,10.134040282818596,-2.851126438642834,8.79849193870971,-3.1789721323918867,7.289215332820052,-3.4604926629126274,5.627240041144223,-3.687063252828671,3.837880446369057,-3.8499604884257383,1.950788537339314,-3.9403749874377296,0.0
180,4,-1.0356948429166666,2.2733310229097223,-1.0082520337697694,2.306951180409225,4.996839555686795,5.003835386343418,7.776112959147522,9.095284819988148,-0.0,-0.0,-0.10116860449581072,-0.030376841419642087,-0.09416572906522445,-0.08314962414490726,-0.005578036252318455,-0.11095592847452385,0.1399541262049308,-0.07924884763998857,0.3199350135862994,0.034726763766040634,0.5141851141698838,0.24305069321807446,0.7049824589832007,0.5483221407637616,0.8771709672471814,0.9449169911232778,1.0182342732438205,1.420290670515613,1.1183345846462085,1.956309170860292,1.1703171863332513,2.530590867770878,1.1696821787653702,3.117842314138593,1.1145258865621972,3.691172203322713,1.0054550623077139,4.22336909312505,0.8454775257616693,4.688130180488094,0.6398732139508734,5.061230328238486,0.39604977779628625,5.321622580055013,0.1233868594496581,5.452463473657506,-0.1669269585387695,5.44205849895012,-0.4620608011892435,5.284724982718085,-0.7477083654753977,4.9815714626052126,-1.0082520337697694,4.541194202191157,-1.226921719552179,3.9802928710645364,-1.3859463929423816,3.324208556227815,-1.4666966917668145,2.607388182225566,-1.449817459589637,1.8737801043822635,-1.3153494531541694,1.177166116916264,-1.0428398195169977,0.5814354050861048,-0.6114412528067543,0.16080609090124187,-0.0,0.0,0.4887408987912221,0.12409394102166665,0.9283944983064947,0.4805517591889858,1.313292031344337,1.043354984980086,1.6391044130038386,1.7839893068163197,1.9027551365228175,2.672092645610921,2.1023335580347062,3.6760597244341584,2.2370096608667414,4.763603609500269,2.306951180409225,5.902275190864479,2.313243779673622,7.059941963185648,2.25781479499451,8.205227768441185,2.1433609214607854,9.307915383874711,1.9732800783266955,10.339313990074412,1.7516075849952004,11.272593645994677,1.4829566869035748,12.083088939479225,1.172463396218285,12.748573982235417,0.8257355529559313,13.24951088524739,0.44880596622617774,13.569273791422829,0.04808946099709561,13.694350463093862,-0.3696563685591798,13.614523328225635,-0.7973669140348356,13.323031785408578,-1.227703039955654,12.816717457752668,-1.6530805303565714,12.09615397281777,-2.065696720750427,11.165762732248258,-2.45755453671254,10.03391602284925,-2.820484152845058,8.713028711998499,-3.1461624764539193,7.219639665695226,-3.426130649471401,5.574483928034806,-3.651809750486346,3.802556607022142,-3.81451486660657,1.933169323727966,-3.905467692596212,0.0
181,4,-1.0028374443333332,2.2732483132430557,-1.000772647661002,2.3185592247943756,4.99718134629972,5.005259900491548,7.529415927994792,9.094953909985108,-0.0,-0.0,-0.10189969512449419,-0.03048720407684297,-0.09696149582357336,-0.08410234294912042,-0.011039411628645924,-0.11396148272845592,0.1318282233888201,-0.08566197679829442,0.3096072988509383,0.02367322361048879,0.502437218149365,0.2264408915531546,0.6927770243080463,0.5256818519935066,0.8655250488740537,0.9162718769331599,1.0081094967256492,1.386165230171625,1.110548206830255,1.917675853555082,1.1654767205756398,2.4887805276336934,1.168144704366083,3.0744281341288184,1.1163816694703859,3.6478393966844695,1.01053376888037,4.181782160347162,0.8533741916190053,4.649808349955437,0.6499902894752951,5.027440167251946,0.4076510377817067,5.293294777174125,0.1356587381954943,5.43013861798253,-0.15481098524549425,5.425864466419988,-0.4508768588247712,5.274386417684463,-0.7381234181207259,4.976449925644697,-1.000772647661002,4.540355925307891,-1.2218525688766502,3.9825997724944995,-1.3833599861679715,3.32842724361224,-1.4664150845213033,2.6123111137755526,-1.4514060711677705,1.8783528601691593,-1.31812254516884,1.1806148177091378,-1.0458767433523906,0.58338865451594,-0.6136122339164256,0.16140635279525495,-0.0,0.0,0.49091555666877335,0.12463053770386492,0.9328110348225712,0.4827374243841783,1.3198355748199397,1.0482887677801842,1.6475147083723078,1.7926749354549665,1.9126631308636972,2.6853750195585517,2.113296445781987,3.694579365802525,2.2485433172657294,4.787768021957467,2.3185592247943756,5.932245618309189,2.32444278440664,7.0956337314795075,2.26815538856102,8.246322211337516,2.152444725124979,9.353881277969956,1.9807725667574683,10.389436432664416,1.7572470756631575,11.326008384966523,1.486559744915549,12.138820288497794,1.1739269951288895,12.805574612356125,0.8250363625763567,13.306701962856176,0.44599714997461576,13.625584121497296,0.04329536200434875,13.748753487757746,-0.3762472878944536,13.666071016942144,-0.8055105368727257,13.370884630147424,-1.237109149902313,12.86016995076068,-1.663423173053981,12.134655094132253,-2.076625121127154,11.198931107717764,-2.4687043531611854,10.061549530846069,-2.8314888808726066,8.735108418494333,-3.156664843882288,7.236328053631286,-3.4357938725674373,5.586117458953029,-3.6603285451905374,3.809632711928972,-3.8216261311792974,1.9363279674289522,-3.910960797499405,0.0
182,4,-1.0052311722916665,2.286433847423611,-0.9978994916704921,2.3358439827913346,4.9990979191807146,5.005257520682619,7.547388305790021,9.147707419116545,-0.0,-0.0,-0.10488982064628567,-0.031265625175678366,-0.10217874455669938,-0.08696503915108363,-0.017706291214597856,-0.11982734219622981,0.12446269384042721,-0.0950661991109304,0.3022334430016117,0.010557037744533536,0.49565785752620567,0.20976339148795475,0.6870880406981433,0.5058690201516624,0.8613031423978983,0.8939682068775313,1.0056066532899617,1.3621724862906486,1.1098921751106308,1.892890599539927,1.1666766572550646,2.464133222509167,1.1711010804782012,3.0508261543755757,1.1208995363278664,3.62611588801774,1.0163385487161984,4.162652186365915,0.8601292704962265,4.633833413999538,0.6573158303873987,5.015001856895166,0.41514358196833495,5.2845780272257405,0.14291130601438973,5.425124908300369,-0.14818845926576707,5.4243351583856745,-0.4452368278520002,5.275936375407383,-0.7337597720010869,4.980511549058736,-0.9978994916704921,4.546233725451102,-1.22058271707653,3.9895156285132716,-1.383683179837743,3.335576483027558,-1.4681759875069347,2.61892954245647,-1.4542821429684303,1.8837948304465661,-1.3216019416519822,1.1844423602452634,-1.0492364378475958,0.5854716135165712,-0.6158965834728455,0.16203335924439902,-0.0,0.0,0.49318435738395017,0.12518847494268096,0.9375147416177818,0.48503387380048396,1.3270320762073287,1.0535600200355975,1.6571608493147707,1.8021606496552596,1.9246226460914777,2.7002696537433604,2.1273486175739076,3.715987757073694,2.2643923032959288,4.8166654656829975,2.3358439827913346,5.969442763877301,2.342747503622399,7.141746571141344,2.2870203248107197,8.301747390199566,2.1713773272068932,9.418776899152547,1.9992587776532866,10.463708474256261,1.7747626918925588,11.409302786923758,1.5025817213318635,12.2305207101492,1.1879445896641663,12.904805806501498,0.836562025250807,13.412338662058861,0.4545770721324542,13.736265287179476,0.04851961451368393,13.862901733849137,-0.374735085477836,13.781916987508886,-0.8080040609787275,13.486496084740606,-1.2438307635690304,12.973485292024705,-1.6745158827752835,12.243521059157668,-2.092145109462596,11.30114433721952,-2.4886140871593874,10.15490172790534,-2.8556507882045064,8.817434810671523,-3.184835541772001,7.305558878067285,-3.467618929110915,5.64033219895987,-3.6953377483922503,3.8471168248904055,-3.859229237915148,1.955631856992052,-3.9504437325127593,0.0
183,4,-1.1035634850347222,2.3591451727916666,-1.0116823528803809,2.3303076265959146,4.997229007240648,5.004660477563273,8.285678330746482,9.438615433478144,-0.0,-0.0,-0.10175215471018657,-0.030503872193457172,-0.09558713511505193,-0.08377499963027336,-0.007758765171574203,-0.11249072324391553,0.1373263632792337,-0.08200237964763135,0.3173123335337909,0.030640033773361566,0.5120743375061353,0.23775936019506833,0.7038717575012685,0.542206327017591,0.8774704487589514,0.938583553634328,1.0202318040142935,1.4145224740859739,1.1221672866184689,1.9519961903929788,1.1759582401089188,2.5286508965524614,1.176941860897934,3.119138689753425,1.1230652044999343,3.6964352795730715,1.0148099415680414,4.2331272590779685,0.8550912569842629,4.702655136644509,0.6491347753389256,5.080500154447585,0.4043356941787504,5.345304943694285,0.13010441891123614,5.479920192953958,-0.16229706353123544,5.472371645292997,-0.4599240376999957,5.3167438133512865,-0.7483194248139953,5.013978743035552,-1.0116823528803809,4.5725899149335225,-1.233032088751148,4.009292911877596,-1.3943649821050152,3.3495557799894597,-1.4768025681933983,2.628073061025441,-1.4607294561978375,1.8891682793477536,-1.3259200770957784,1.1871302400129142,-1.0516537674918105,0.586488854844453,-0.6168180167001057,0.16223638516708364,-0.0,0.0,0.4932923774434133,0.12524009091018243,0.9372274648118676,0.48505810643523894,1.3260091639483698,1.0532677475084549,1.6552050237800289,1.8011292081326546,1.9216586095767276,2.6980091248891536,2.123401753402524,3.71199662532605,2.2595679115629776,4.810475732134018,2.3303076265959146,5.960654935133629,2.336706882034731,7.130055188694663,2.2807089500796702,8.286957938385083,2.1650401664554613,9.40081503831731,1.993139923123132,10.44262260097965,1.769095047403644,11.385260935274774,1.4975786341770037,12.203802786482079,1.1837933145043023,12.875792103626756,0.8334188774397724,13.38149553410982,0.4525641100283537,13.704128790317014,0.04772268160065611,13.83005995520365,-0.3742671293676159,13.748991699524776,-0.8062590861029016,13.45412427752486,-1.2408322531768892,12.942301054770924,-1.6703211005587182,12.21413820490244,-2.0868426871798147,11.274140094206565,-2.482321154668646,10.130801756343736,-2.8485097544715337,8.796699745973358,-3.177010621936497,7.288572550754047,-3.4592924997656294,5.627391637145753,-3.6867066010854677,3.8384241072464422,-3.850500789688671,1.9512878519306904,-3.941832242118361,0.0
184,4,-1.0839520167222223,2.2635138531319448,-0.9921617948160457,2.320942050307519,4.996622173741568,5.00446900831343,8.138433228643553,9.056007673652996,-0.0,-0.0,-0.1010213333551175,-0.030204514985983342,-0.09649197710256627,-0.08343828449446307,-0.011839429157273337,-0.11335244932259646,0.1292753220857003,-0.08587818673466677,0.3051404987130384,0.021702847538660912,0.4961591211811591,0.2217753177464107,0.6849936416271687,0.5174847128869812,0.8566862695153187,0.9038982188414555,0.9987522635582597,1.3692190938113034,1.1012442043040056,1.89604050098455,1.1567860832338672,2.462623962292123,1.1605769089874851,3.0441872302588897,1.1103643989282153,3.6141864428986756,1.0063901541286377,4.145577920567423,0.85130847013472,4.612045855176189,0.6500815819392183,4.989183384961177,0.4098546541529975,5.255616081341672,0.13981418983744215,5.394058626985072,-0.14896626331374727,5.392297358812766,-0.44368918065991925,5.244093307852057,-0.7300010678558448,4.950002314317336,-0.9921617948160457,4.518110662940177,-1.2132119693160988,3.964686412370133,-1.3751354673300418,3.3147481376726526,-1.4590146929058827,2.602554134064928,-1.4451766214680914,1.8720162238965141,-1.3133281630861047,1.1770431608855483,-1.0426798460838045,0.5818192402373378,-0.6120572501477257,0.1610241141481606,-0.0,0.0,0.49012231646771626,0.12441081564366696,0.9316986113923126,0.48202322123940305,1.3187959075079454,1.0470219528898896,1.646856215914992,1.7909724588257945,1.9126123132850061,2.6834874395707278,2.1140018946829917,3.692850803931272,2.250081584068419,4.7865986089865284,2.320942050307519,5.932057234500825,2.327625251133781,7.096839609249953,2.2720446166088215,8.24930076454983,2.1569087911430516,9.358954347104207,1.9856493813529243,10.396851988978865,1.762353006976987,11.335927617722344,1.4916978237297154,12.15130890528619,1.1788945795388754,12.820598111131678,0.8296321777312549,13.324124582882284,0.4500276506820008,13.645171146446975,0.04658039330166631,13.770176555140411,-0.3738695344946115,13.688916081417778,-0.8041792554847682,13.394662231883554,-1.2369373103936248,12.884327451717786,-1.6644945280247165,12.1585905631735,-2.078991780795782,11.222008558087332,-2.472384874078545,10.083115239418628,-2.8364668115078353,8.754508084042556,-3.1628876691216488,7.252924580157742,-3.4431722996998686,5.599309179036637,-3.6687360757124186,3.8188718933545553,-3.830898865459647,1.9411394735592917,-3.920897422763072,0.0
185,4,-1.0660934796458335,2.2864938362222222,-1.0033070833148883,2.3368991801123773,4.997713484789487,5.003928053392054,8.004349330726242,9.147947426050807,-0.0,-0.0,-0.09717576581380888,-0.02920063995912357,-0.08974922108962645,-0.07975071269634765,-0.0030133994338067834,-0.10574139538915248,0.13949168493059264,-0.07347999546534545,0.3161609302288746,0.03943263445474966,0.5074895461329177,0.24511167324592303,0.696218093691726,0.546475670284074,0.8674537629076693,0.9384005940500194,1.0087650892873588,1.4089279816004647,1.1102480342687036,1.9405133573843631,1.1645621652396558,2.5113002521485353,1.1669365313719915,3.0964047344273835,1.1151457008106667,3.669195383055005,1.009457261495122,4.20255407329136,0.85255285304796,4.670103795319225,0.6494254568413058,5.047390927517122,0.4072561989467362,5.313010888312333,0.13527429846130365,5.449667818702901,-0.15539598642810415,5.445160825372163,-0.451897498885461,5.2932912627189594,-0.7398075775425585,4.994687475056069,-1.0033070833148883,4.557545288611703,-1.2253477559665082,3.998284277849905,-1.3878149956879513,3.342121385324057,-1.4716836162204765,2.623564815477183,-1.4571645940159574,1.8868322306353467,-1.3238413185280538,1.1861981446964962,-1.0507943114312677,0.5862760406731871,-0.6167138109867223,0.16224114553300162,-0.0,0.0,0.49372734249369066,0.12533046752271765,0.9384614378417556,0.4855537007240276,1.3282590317554734,1.0546281666460788,1.6585543819296695,1.803888501519978,1.92607579764216,2.702713510434503,2.128760388260529,3.719151922034575,2.2656685114954613,4.820505385164977,2.3368991801123773,5.973868881559845,2.3435074620215386,7.146629301605447,2.287424698924171,8.30692339454856,2.1713821769126898,9.424056668357983,1.9988387109614154,10.468885087403086,1.7739124551569276,11.414161608661535,1.5013171218300894,12.234849720040108,1.18630268470975,12.908406208126788,0.8346005525107443,13.415035397302523,0.45237312832333987,13.737917076888024,0.04616761491217614,13.863410276252823,-0.3771261153928586,13.781234966975411,-0.8103137970575532,13.48463367264678,-1.2459314242741037,12.97051485623706,-1.676276521916381,12.239579836688312,-2.093436280327688,11.296434864328026,-2.4893127986989856,10.14968986185795,-2.855645676546525,8.812045216453697,-3.1840321843829056,7.300367890747636,-3.4659452339673593,5.635758007517873,-3.692749356245513,3.843606955730458,-3.85571488183982,1.9536479648090788,-3.946030505208007,0.0
186,4,-1.0777471065902777,2.2559022820902777,-1.0033106714793583,2.310385203737976,4.997120803301081,5.003659213667436,8.091846067939459,9.025554824572122,-0.0,-0.0,-0.08457258627540325,-0.025855829189284103,-0.06899333758782279,-0.06788978772751303,0.021911540253194382,-0.0823050580488737,0.16514333947912815,-0.037268161364653156,0.33969327803857563,0.08804610253877243,0.5266863814046615,0.3044864273320435,0.7095038379374267,0.6140234447747246,0.8738814057524545,1.0109034479605485,1.007982092412531,1.4828449460629098,1.1024420272245108,2.012264887108747,1.1503891671610162,2.577521025246956,1.1474351887970393,3.1541569084037513,1.091641589437217,3.7161363083951056,0.983461623985275,4.237054581298987,0.8256602186716815,4.6913153918712265,0.6232144135069778,5.055262413583479,0.3831971840381394,5.308256971224222,0.11464767799825558,5.433694069236173,-0.17156902201392474,5.419950790049866,-0.46290952353683795,5.261262599970793,-0.7453041632259094,4.958524618532783,-1.0033106714793583,4.520016350442762,-1.2202669165650155,3.9620497148922196,-1.3784404651560527,3.3095414106995555,-1.4591730050456941,2.596511710857578,-1.4430179969170718,1.8665126771500786,-1.3098702436892942,1.1729895214571529,-1.0390863784612219,0.5795794174274851,-0.6095955677685098,0.16035249092747014,-0.0,0.0,0.48782528067424064,0.12383776104699144,0.9271768589555969,0.4797385969188517,1.312285068088892,1.0419667238127146,1.6387000867792287,1.7822345490545952,1.9032170199370553,2.670343973435982,2.1037990063073786,3.6747896870873538,2.2394995607661548,4.763323780749312,2.310385203737976,5.903481559337567,2.317459277276319,7.063068932523685,2.262587700040106,8.210612169707355,2.148427274158811,9.315771147683828,1.978357027615777,10.349717493024096,1.7564129575393599,11.285479232957716,1.487226433424179,12.098253724146444,1.1759664251402016,12.76569073419677,0.8282856386026246,13.268147612188717,0.4502705718598194,13.588918507921369,0.048395445569411624,13.714439590798946,-0.3705200863408145,13.634472183797536,-0.7993495784301355,13.342265670862318,-1.2306949500699775,12.834701962048324,-1.6569183401438226,12.112423213919632,-2.0701708586691674,11.17994440686592,-2.462418442666762,10.045752279297533,-2.8254650273334105,8.7223920138935,-3.150973243117449,7.2265429655051445,-3.4304828454421408,5.579084615856195,-3.65542707728725,3.8051538383433985,-3.817147156260087,1.9341944582082327,-3.906905067721634,0.0
187,4,-1.0493346403402777,2.2657529662083333,-1.0330436709945428,2.344979979032358,4.998573271002246,5.005681197088661,7.87852208692419,9.064966057174216,-0.0,-0.0,-0.08648514397141284,-0.026450177542094572,-0.07028408279252227,-0.06937971867405483,0.023244794688968055,-0.08385632984010263,0.17054838470573752,-0.03718352746098827,0.35006136332079374,0.09204831766566368,0.5423700817587332,0.3149977023615708,0.7303540490228794,0.6336842055615193,0.8993017651180778,1.042165152725144,1.0369983796367812,1.527763242106968,1.133783464206804,2.072330582150251,1.182578064256179,2.653533951000582,1.1788810928440352,3.2461458962534326,1.1207360033753042,3.82332654479587,1.0086694877563525,4.357881666923052,0.8456046561563261,4.823483594415515,0.636751735801079,5.195842971480535,0.3894797600433069,5.453820951041267,0.11317299600739779,5.580473260339761,-0.18092402031561827,5.564019470507912,-0.47986899960167406,5.39873273831936,-0.7691882818298991,5.085747174761612,-1.0330436709945428,4.633781773798999,-1.2543966609268953,4.059781456725704,-1.4151674051337315,3.3894772164800013,-1.4963862320554362,2.657868558653209,-1.4783359670899852,1.9096324202707649,-1.3406837739991397,1.1994635031990841,-1.0626016544970103,0.592351494842676,-0.6228751334815937,0.1638009804608612,-0.0,0.0,0.49767715616216346,0.12637122566704864,0.945182814229835,0.48930723104720397,1.3367651381874128,1.062225927412707,1.6680321844338,1.8160127336268823,1.9358679461572645,2.7196796158827263,2.1383471761456097,3.7409817824224345,2.2746503586222078,4.846991774490533,2.344979979032358,6.004631324315887,2.35047902980645,7.181161872103867,2.2931524943614776,8.344635053390931,2.1757923738437417,9.464304794012467,2.001906662967333,10.511002891813202,1.775652543331967,11.457480132073009,1.5017739445613476,12.278715087485805,1.185543524629651,12.952192803186037,0.8327090395482326,13.458155571992565,0.4494440075981161,13.77982797323898,0.0423025227950312,13.903618287960462,-0.381821965511454,13.819298320611876,-0.8157341168258915,13.520163558815394,-1.2519706349357729,13.003175492938754,-1.682830911834166,12.269087800836921,-2.1004046208717364,11.322557983357205,-2.4965964983056215,10.172245916045838,-2.8631485469049003,8.830900664144444,-3.191659886785045,7.315436793150523,-3.4736044679933333,5.647001297217656,-3.7003468472374648,3.851032163393518,-3.8631562181046157,1.9573094917311102,-3.953218870614412,0.0
188,4,-1.0220360089444445,2.263570255694445,-1.0234619517423595,2.3329116196245887,4.997749476689097,5.005199802714507,7.673560902830305,9.056233332549718,-0.0,-0.0,-0.08232306279901305,-0.025338750277803915,-0.06365252623081842,-0.06550025110075383,0.03072859937214074,-0.07638335000270007,0.17742596765853005,-0.026063728839822255,0.3551037444149392,0.10619374575084758,0.5446323088947955,0.33100219021177874,0.7292110061875319,0.6499875874393275,0.894463877133367,1.056978361159175,1.0285070697499612,1.5392357731440187,1.1219874256815174,2.0787108247300394,1.1680925019393773,2.6533132841637723,1.1625330012942159,3.2381787725290407,1.1034992187810047,3.8069204899441647,0.9915936480745056,4.332853105901127,0.8297423180098471,4.790177520860983,0.623087740904985,5.155116574029296,0.37886655120418433,5.406993266968019,0.10627500094121724,5.529244638317854,-0.18367453282500038,5.510366009216484,-0.47830297178062936,5.344781875332518,-0.7634170057777533,5.033641209762277,-1.0234619517423595,4.58553632857715,-1.241672618639515,4.0171457322122,-1.4002200970010028,3.3538024530529826,-1.4803527096146398,2.629990401220687,-1.4625296825906693,1.8897720015686255,-1.3265464131173785,1.187151055604074,-1.0516505134382985,0.5863752473585584,-0.6166480932676963,0.16218305082009457,-0.0,0.0,0.49308730018817565,0.12518770202983528,0.9369027714107204,0.48486760284061703,1.3257321153159023,1.0529188047639324,1.6551772729374643,1.8006954655468124,1.9220799165109235,2.6976658700581564,2.124443656178729,3.7120128764961637,2.261356084146302,4.811195381883276,2.3329116196245887,5.962470972955327,2.3401359640242347,7.133380371463986,2.2849128301704296,8.292194650830782,2.169913473878056,9.408326498655605,1.9985294324999752,10.452707032311258,1.7748087638937071,11.398129848835703,1.5033959810039677,12.219564111954574,1.1894757918772185,12.894438554789033,0.8387206820251624,13.402898312979833,0.457242314995761,13.728036505673842,0.05154667696719847,13.85610245679898,-0.3715071487985188,13.776688401567279,-0.804744722740324,13.482896457976006,-1.2407106730570368,12.971487564481354,-1.6716999870541902,12.24301399673854,-2.089786363810103,11.30193698156234,-2.4868478271915,10.15673082780638,-2.854589799098726,8.819974893976088,-3.184565830310051,7.308434612953169,-3.4681961811277424,5.643132696719178,-3.6967844368246694,3.849411549592541,-3.8615323341847256,1.956987828117562,-3.9535529656811965,0.0
189,4,-1.0354782785833332,2.308861545375,-1.008800798471456,2.3057301068254548,4.99673423933538,5.005101671243444,7.774486969860773,9.237437554617644,-0.0,-0.0,-0.06632943885196178,-0.02101851275368636,-0.038841742711371176,-0.050703242740999355,0.05832820504151416,-0.04825734028943071,0.20298611187058274,0.015528132138768174,0.37500348402972933,0.15927660791497114,0.5564227226159526,0.39208605255080436,0.7315410791742991,0.7146362963191397,0.8869728920870559,1.1203329298022786,1.0116899573998026,1.5964768486695904,1.0970402918757975,2.1254485632233475,1.1367459133602604,2.6858966106513167,1.1268805878607246,3.253919803432048,1.0658287703903675,3.8042335934446756,0.954227196063501,4.3113115042323935,0.7948907595573016,4.75049335948262,0.592724456750396,5.099052890626396,0.3546232550894041,5.337218218267614,0.08936181265281379,5.4491396503405305,-0.19252401610666603,5.423800205774661,-0.47886196346573584,5.255865239295158,-0.7559725372827925,4.946468495969986,-1.008800798471456,4.503932850132916,-1.221048997639077,3.944424870806105,-1.375308448253797,3.2925431945174153,-1.4531891373504553,2.5818414674686876,-1.435445713030353,1.855287334506548,-1.302098638578179,1.1656595955421256,-1.0325494634738237,0.5758862153988865,-0.6056893292402944,0.15932635625418942,-0.0,0.0,0.4848321403834971,0.12306793449532409,0.9217936210942936,0.47684643816254935,1.3052352104177778,1.0359346399165654,1.6307553436894449,1.7724214832223997,1.8951382421324041,2.656494213415404,2.0962895276717606,3.657015259269846,2.233170241686261,4.742066486505318,2.3057301068254548,5.879460237997917,2.3148407956820725,7.037216976428714,2.2622298899854782,8.18400970712828,2.1504161308670207,9.28957568001695,1.982646476443731,10.325096148752642,1.7628353992135597,11.263545202324831,1.4955067741694656,12.080008880062048,1.1857386305576867,12.751975936800491,0.8391109670441358,13.259601742911471,0.46165676268074957,13.585946886665456,0.05981625519162784,13.717192097107002,-0.3596054958194889,13.642831127598667,-0.7894777898913872,13.355843237004901,-1.222380279702138,12.852846880717587,-1.650635879416031,12.134236180910447,-2.0663407147739363,11.204301687951187,-2.4613912621946006,10.071336875989934,-2.82750883844006,8.74773173831684,-3.1562616117034854,7.250054764784558,-3.4390843099350192,5.599124496754785,-3.6672958034639045,3.820071766668017,-3.8321147371176556,1.942393641153853,-3.924673382661569,0.0
190,4,-1.0520379266388888,2.299202306347222,-1.0394252280798575,2.318569864036012,5.000278600548539,5.0040767059816345,7.898818663432882,9.198792267496396,-0.0,-0.0,-0.06360316710212933,-0.020397232359445086,-0.032193391471066465,-0.04777765010135351,0.06959416068408016,-0.04087189225303583,0.21908347342431483,0.029755096530585196,0.3957031228570527,0.1827209152588338,0.5811086847896901,0.42690960647488524,0.7592803444831405,0.7626106191009212,0.9165946608583866,1.1827001435119735,1.0418701435605615,1.6738517818883083,1.126386966035589,2.2177635145886727,1.1638817356472813,2.7923882375644706,1.1505187541256183,3.3731557382757456,1.0848396168602263,3.934174802206823,0.9676933133770309,4.449405149021526,0.8021492056672883,4.893790036183478,0.5933953828421641,5.244341590309095,0.34862493046092097,5.481172188885252,0.07691262358995729,5.58846647943531,-0.2109155322361797,5.555389858558792,-0.5024176152232299,5.376930415047055,-0.7836738173101802,5.054672451388318,-1.0394252280798575,4.597500723931429,-1.2532115998648568,4.022235475962056,-1.4075065157293707,3.354199175816539,-1.4838485770881942,2.6277166125018154,-1.462967420375031,1.8865506445964448,-1.3249035603830648,1.1842764462329893,-1.049121240382125,0.5845975492708163,-0.6146136449642654,0.16160734646151892,-0.0,0.0,0.49085393645693637,0.12464219146628142,0.9322547222616666,0.482604371739285,1.3187025610955334,1.0477310817983865,1.6459586924346725,1.7914350204554195,1.9109771734163585,2.683310593035323,2.1118350857317476,3.691712918380621,2.2476620534685963,4.784301732080795,2.318569864036012,5.9285500433387,2.325582891011201,7.092217775590475,2.270569925819967,8.243790947358201,2.156177935471777,9.3528872307365,1.9857681769903597,10.390628961731727,1.7633550165645413,11.329984871156718,1.493547723587633,12.146081959118467,1.181495437363598,12.816489052881575,0.8328354379199393,13.321473669932576,0.45364479252112955,13.644233858550802,0.05039539640389843,13.771106710434696,-0.3700876199250452,13.691755237359859,-0.8006641838177564,13.399335279901159,-1.2339143736930802,12.89064407431787,-1.6621704382877356,12.166252047040734,-2.077545888288275,11.230619337886196,-2.471961821614144,10.09219847600585,-2.837170653661833,8.763524549241971,-3.1647774295466657,7.261294120306108,-3.446258897380124,5.606434054035686,-3.6729805204755452,3.8241613306320277,-3.836211602637672,1.9440348316739315,-3.9271386948795732,0.0
191,4,-1.0335771867847223,2.293603958347222,-1.0595178002453025,2.361585762417046,4.99745068442164,5.004452524487049,7.760213359566379,9.176394046969657,-0.0,-0.0,-0.06465559195360063,-0.020716386786088156,-0.03301646352150929,-0.0486161429535842,0.07012255438384983,-0.0418268466005252,0.22188036560661667,0.029598032031849287,0.401445348940856,0.18467579096647013,0.5902092183981791,0.4325636608778432,0.771876834833578,0.7736889640736118,0.9325504699945295,1.2009278406172754,1.0607877063582751,1.7008195353450313,1.1476328223198244,2.2548029989834655,1.1866221375731434,2.8404626398365522,1.1737643579449435,3.4327704439170166,1.1074974479486461,4.005312326651321,0.9886239638114288,4.531487448185526,0.8202270956266573,4.985670273385489,0.6075698949056544,5.344326342478358,0.3579803069705859,5.5870739956128075,0.08072469276844418,5.697685623712293,-0.21312748005763255,5.66502336182646,-0.5108451625267687,5.483905467059695,-0.7981809686605542,5.155900903038653,-1.0595178002453025,4.690050863444142,-1.278014705469949,4.103517089611597,-1.4357500417238847,3.4221578571392866,-1.5138602468434448,2.6810334133657525,-1.492672767305081,1.9248434346697614,-1.3518319399653402,1.2082997363108525,-1.0704168702613717,0.5964380074652293,-0.6270505892467262,0.1648727624068021,-0.0,0.0,0.5006819387248946,0.12714311722660374,0.9507844453352352,0.49224442626030807,1.3446897343178796,1.0685541346932694,1.6780801466633246,1.8268415219248055,1.947866461507034,2.736027181914901,2.15211433854859,3.763778907700741,2.2899699529832747,4.877070553544189,2.361585762417046,6.042703710961435,2.368047222382504,7.227792473877311,2.3113011461722968,8.400211946100397,2.194086287946742,9.529011462770157,2.0198666172748183,10.584793758924818,1.7927676498799376,11.540061526237265,1.5175161044629344,12.369532957256089,1.1993830697913976,13.050427989609023,0.8441307901768614,13.562727035299371,0.4579631111160603,13.889404017296027,0.04747957010249062,14.016635541920852,-0.38036692993845367,13.933988015777475,-0.818308965999018,13.634584474627665,-1.2588000913518291,13.115252832891898,-1.6940471386681792,12.376657190169686,-2.116039502624719,11.42341374880124,-2.5165755859990884,10.264192807086996,-2.887286599591533,8.91180819900768,-3.2196579084766257,7.383295455419024,-3.505048115803955,5.699979865634835,-3.7347060712888793,3.8875355236187357,-3.899785985261779,1.976036350922483,-3.9913608212067624,0.0
192,4,-1.0240706267638888,2.2866609080069447,-1.0531501142529953,2.358020549645598,4.9984986534570295,5.004157551284655,7.688837041454438,9.148615857287666,-0.0,-0.0,-0.06337626183137847,-0.02036599164029203,-0.031184586748622404,-0.047458280099632856,0.07182985838258504,-0.039757697556709125,0.22288402315102568,0.03236649116096794,0.40129946328836547,0.18767416246252625,0.5886225328987903,0.435137646827423,0.768720921947874,0.7750792687350343,0.9278557469937919,1.2003510651139713,1.0547289455266782,1.6975443746076662,1.140506229235149,2.248216993186331,1.1788163082869734,2.8301258356696963,1.1657275001607124,3.418453501539945,1.0997031787860698,3.9870177882596494,0.9815378015064175,4.509453996142913,0.8142754734967989,4.960360795560553,0.6031131740517586,5.316401450599182,0.3552908798363475,5.557353285349626,0.07997088052480646,5.667099413645426,-0.21189140379138766,5.6345579061221605,-0.5076828224423778,5.454544717741032,-0.793271897038934,5.128567824238137,-1.0531501142529953,4.665551099140717,-1.2705731268778448,4.08248748785494,-1.4277000391319572,3.4050219877490693,-1.5057291315404329,2.6679658111437523,-1.485028577233223,1.9157438819422008,-1.345260910278806,1.2027784889260815,-1.0655002226934431,0.5938124846238905,-0.6243412849353401,0.16417587577996237,-0.0,0.0,0.498797718959319,0.12665247185396877,0.947484736415254,0.490438428749061,1.3404295705534592,1.0648397007142234,1.6732862180999366,1.8208465386608497,1.9429257439162801,2.7275833614417078,2.147365759380664,3.7528997255816967,2.285698804765415,4.863925719960407,2.358020549645598,6.027591470284557,2.3653586196765266,7.211110868912021,2.3096027505721017,8.382430022903087,2.1934368633026056,9.51064123680948,2.020273550636605,10.56636361758382,1.794191366076695,11.522091609049957,1.5198752135255444,12.352512935428791,1.20256005084164,13.034797560954592,0.8479780436153879,13.548859359629166,0.4623092374880801,13.877592239951273,0.05213575831306515,14.007082488490097,-0.3756005006811797,13.926799087921456,-0.8136367871450337,13.629763733983058,-1.2544251092114989,13.112702225893079,-1.6901647084555242,12.376178839996658,-2.1128315475567647,11.424715220300655,-2.5142049873820573,10.266895235309082,-2.8858918363710644,8.91545716097022,-3.2193479588355616,7.387374457003994,-3.5058976287983534,5.703926310428735,-3.736750812983017,3.89075902743444,-3.90301856114342,1.9779392642113796,-3.995726674651079,0.0
193,4,-1.0410840887847224,2.278427645534722,-1.0606307569105138,2.3395437623115694,4.9975727822481595,5.0045611304903215,7.8165760211403805,9.115675706281088,-0.0,-0.0,-0.05017361767738018,-0.016844818462566174,-0.009658037199157784,-0.03506858396336245,0.09760698415458202,-0.015388636967061834,0.2496032976338484,0.06998217697634196,0.4263691948842796,0.23833085225843184,0.6101133125631905,0.4975018274555363,0.785306103150796,0.8470059838093656,0.9387479599455208,1.2791695683554725,1.0596136655375834,1.7803112624833588,1.1394733785930808,2.3319355896457052,1.172290865618529,2.9119310888536165,1.1544001097563488,3.4957621432396073,1.0844617800911354,4.0576440100229325,0.9634013198483443,4.571691411860603,0.7943306119025216,5.0130319818039775,0.5824553101806557,5.35887686860382,0.3349699931833585,5.58954187274019,0.06094330963036403,5.689413567164736,-0.2288047447107218,5.6478559356847695,-0.5218313468037815,5.460054116056678,-0.804203185280157,5.127792848282076,-1.0606307569105138,4.6601681891208395,-1.2746028903576758,4.074231952353006,-1.428519909575432,3.3955691641890433,-1.5038239999046559,2.6588095796558373,-1.4811254963301443,1.908074985355372,-1.3403239737256887,1.1973646143029715,-1.0607231817505216,0.5908815180029955,-0.6211390309472803,0.1633031786297546,-0.0,0.0,0.4957665779468268,0.1259003248341619,0.941381593320953,0.4874007029522477,1.3313776098707324,1.058005141544429,1.661536640382146,1.8087988936690804,1.9288263024593322,2.7090573332603887,2.131333764725787,3.726822317074846,2.268198372048302,4.8294451540245475,2.3395437623115694,5.984095727787352,2.3464102079000297,7.158237705119624,2.29068783350459,8.32007010855652,2.17505127937274,9.438935837382974,2.0028962969129025,10.485697984727272,1.7782786828973085,11.43308502182848,1.5058558805782452,12.256006104030696,1.1908315019342655,12.931837898509448,0.8389029559450699,13.44068444329765,0.4562123040294685,13.765611623441718,0.04930040614787353,13.892857896012822,-0.37493563005566005,13.812022914390713,-0.8092817291397193,13.516235697035182,-1.2462429266148811,13.002303960208282,-1.678076347652357,12.270846191112486,-2.096821211912652,11.326407980845385,-2.494326009939528,10.177564068438915,-2.8622730105666756,8.837007470819195,-3.192200268053802,7.321626991296538,-3.4755213027822855,5.652574313397668,-3.703542630879913,3.855321799415157,-3.867479316678465,1.9597120256172689,-3.9584687179778566,0.0
194,4,-1.0394732111666667,2.303511559993056,-1.067407374026512,2.367899259114601,4.999182233431436,5.005232415936026,7.804481371440197,9.216032998773738,-0.0,-0.0,-0.0628391872919608,-0.020235098980105694,-0.029923155576967172,-0.04688933202602927,0.07414276353345237,-0.03831027554635264,0.2266116503576144,0.03530936228402813,0.4067557066748513,0.19290188810947279,0.5960071324341634,0.4435702900316863,0.7780764721802222,0.7876988108247045,0.939046319195915,1.2181166086382191,1.0674389153616057,1.7213017904870747,1.1542568708398917,2.278612543463183,1.1929969202783253,2.867531874151444,1.1796373023873035,3.4629125941276198,1.1125999711363417,4.038209640724489,0.9926893970893463,4.566687567307302,0.823010179346124,5.0225920360117025,0.6088660506593953,5.382275350978848,0.357643114868213,5.625267429990923,0.078680306661381,5.735285074039131,-0.2168698864493478,5.701173905884174,-0.5161874425447206,5.51777886161414,-0.8049346899069268,5.1867405901959955,-1.067407374026512,4.717216508016635,-1.286684466323519,4.126526538419556,-1.4447745551467193,3.4407247175642524,-1.5227569650217037,2.6950988520303616,-1.5009160668366337,1.9346012616460933,-1.3588675583286598,1.2142143302911372,-1.0756758012231722,0.5992551204147891,-0.6299615908509012,0.1656236905968294,-0.0,0.0,0.5027588121638662,0.12768076244657015,0.9545051633774002,0.4942490673780899,1.349646131393504,1.072744424823496,1.6838971256246023,1.8337400133118271,1.9542075281977134,2.7459783518475485,2.15868466059122,3.7769693224436294,2.2965172306401676,4.893550001201637,2.367899259114601,6.062406294365027,2.3739553328403753,7.250556837101981,2.3166678856960115,8.425799999517595,2.1988070722551383,9.55712516050115,2.023863673114554,10.6150896604873,1.795985357185139,11.572163034774231,1.5199165250156286,12.40304026584996,1.2009418686988693,13.084925882556583,0.844833707837629,13.597790782169346,0.45780309689291276,13.924603664684955,0.04645464625697895,14.051538952582192,-0.38225504330850735,13.968163029405,-0.8210554666377664,13.667600571620596,-1.262396979444141,13.146682674711332,-1.6984824197523063,12.406078390243199,-2.1212957740038334,11.45041119907558,-2.522628082786868,10.288361849808059,-2.894100783188758,8.932758893407641,-3.2271866832516154,7.400658146707203,-3.513228759652899,5.713412220711325,-3.7434569631787475,3.896731155643832,-3.9090032083659487,1.9807351143779033,-4.000914714337682,0.0
195,4,-1.0373436307638888,2.408676660756944,-1.068590082891492,2.386180029511887,4.99922401549404,5.005498808358285,7.7884922430971875,9.636784105819313,-0.0,-0.0,-0.05765293716905508,-0.018807910039833974,-0.022298067412320034,-0.042160653466791556,0.08219349266388437,-0.029593102548522737,0.23373233122699488,0.04786332710015801,0.41215773460396815,0.20860886481099578,0.5993693121896521,0.46147333200207435,0.7794408813736947,0.8067755597417786,0.9387145466457426,1.237434876141923,1.0658732783347522,1.740124320275283,1.1519907262725033,2.296454497254707,1.1905574813880089,2.8841764744590233,1.1774835097203316,3.4783918521937793,1.1110770114822848,4.052758136049001,0.9920004833839651,4.5806777964519085,0.8232052652209382,5.036459917087001,0.609846311896388,5.396444091571322,0.35917933147704445,5.640077201087192,0.08044275350045486,5.750934860301934,-0.2152727714695412,5.7176806139948315,-0.5151644964009326,5.534957357166595,-0.8048644326329023,5.204206889921629,-1.068590082891492,4.734414958552861,-1.289296325191411,4.142780532357027,-1.4488259169130242,3.4553093829258024,-1.5280563428801648,2.707333236484171,-1.507041028548034,1.943956835069476,-1.365143263876364,1.2204361514862396,-1.0811615201284868,0.6024917462293159,-0.6334451770604492,0.16656182932085245,-0.0,0.0,0.5059037364648029,0.1284650568270364,0.9607728800969796,0.49739025927196273,1.3588833019316906,1.0797708061005546,1.6958322313534608,1.8460730281750117,1.9684677109377091,2.7648775878921956,2.1748150094944547,3.8034865867415637,2.314001333842275,4.928493401276393,2.386180029511887,6.106314700843585,2.3924553044906256,7.3036846566105575,2.334808353868816,8.488111829324534,2.216025611409836,9.628299623944484,2.0396297102003893,10.694531525937196,1.8098136012586907,11.659022591303366,1.5313781580404136,12.49623885606395,1.209673487192493,13.18318646744064,0.8505440720433454,13.699672425101518,0.4602777950569727,14.028538863463606,0.04555881829684837,14.155872811831925,-0.386575753966873,14.07119334445882,-0.8287755500242346,13.76761798331445,-1.273413095900426,13.24201014782379,-1.7126166485368504,12.495109362819273,-2.1382998913732973,11.531645842660918,-2.542188696905203,10.360440969480523,-2.9158451654362083,8.994495079849262,-3.250689149360447,7.45106386936021,-3.5380174687965344,5.751724620694412,-3.7690210180600556,3.922433359309839,-3.9347999540055327,1.9935739431881554,-4.026377147294785,0.0
196,4,-1.062197533763889,2.3895968596041666,-1.0872166564840464,2.3838206567516815,4.998771698798895,5.00472021536038,7.975098132395071,9.560448445044695,-0.0,-0.0,-0.05249553993407818,-0.01749722304101406,-0.012564399862430152,-0.03710018204196321,0.09579373919214258,-0.01866714158450994,0.25038091379978233,0.06638752346366575,0.43095431138236856,0.2360331743062456,0.619363125697729,0.49863544799680337,0.7996661006787826,0.8540325031000818,0.9582274392511286,1.2946647156130793,1.0837892477523403,1.8067465281758852,1.1675192470236568,2.3714683786702544,1.2030330869776873,2.9662161498708834,1.1863912283288542,3.565795406584605,1.11607097754155,4.143647824876239,0.9929148533369915,4.67304766084773,0.8200570014904899,5.1282668329093415,0.6028298386093583,5.48569816931054,0.34865347908604544,5.724927560453815,0.06691077180917505,5.829747105068662,-0.23118906042892243,5.7891027986478605,-0.5327551248133876,5.597971828586387,-0.8233648899442406,5.258166061855749,-1.0872166564840464,4.779059790517752,-1.3072817816341349,4.178241196648468,-1.4654542349683266,3.482088277361788,-1.5426953694339987,2.726271106746812,-1.519172124518781,1.9561832871197826,-1.3743872232176833,1.2273062475079277,-1.087300266742375,0.6055106805314283,-0.6364389592524762,0.16729987400069046,-0.0,0.0,0.5074857947139534,0.12889898814818604,0.9630987491082369,0.49883263561637836,1.3612785753393462,1.0824182518869543,1.697778067949062,1.8498242669040363,1.9695896738871252,2.7694085383858673,2.1748697846574823,3.8083193181615065,2.3128620260403214,4.933058064233014,2.3838206567516815,6.110003882057774,2.3889350237838545,7.305899893198765,2.330255863596528,8.488302263427407,2.210624088317686,9.6259929790292,2.0336025572074847,10.689357744411485,1.8034112075161146,11.650730592151515,1.524865806463461,12.484706955005079,1.2033204877033785,13.168427055084068,0.8446141511337671,13.681831525398804,0.4550207337216916,14.007891200054432,0.04120330030033394,14.132812998047402,-0.38982814395505433,14.046223787819253,-0.8307552545795294,13.74133406094357,-1.2739865253628888,13.215083168422508,-1.7116892251253861,12.4682677863348,-2.1358182893990443,11.505655182712175,-2.5381423698601058,10.336082757672076,-2.91026724676034,8.97254522663225,-3.2436568081396837,7.4322707140314614,-3.5296517950741095,5.736786924109386,-3.759486505325638,3.91197845730867,-3.9243036391255965,1.9881362467762043,-4.015167460956291,0.0
197,4,-1.0681015373402778,2.3856143984444445,-1.1010633718284295,2.406248031571815,5.0016486316646915,5.0059595481769135,8.01942605295507,9.544515165567494,-0.0,-0.0,-0.055621029060090865,-0.018365413782611903,-0.016870759322059586,-0.039901290263501615,0.09194418184443726,-0.02356855348265854,0.24828424537830393,0.059952976565847325,0.43154627796911754,0.2291910671132682,0.6232162737097198,0.4928882224385472,0.8070021603781424,0.851080351364823,0.9689436730912818,1.2962362114969264,1.0974969378277004,1.8144455535855866,1.1835920527291364,2.38664286355986,1.2206626882597522,2.989852924841363,1.2046474958100577,3.598444125464478,1.1339638832998045,4.185375522280317,1.0094554507571736,4.723424139552808,0.8343150459974406,5.18637979596396,0.6139859721528735,5.550195881504708,0.3560443330008151,5.794085890405405,0.07006582447207342,5.9015570955233105,-0.2325195347452026,5.86137445569422,-0.5385811920201556,5.668449611679399,-0.8334469056426189,5.32465158255241,-1.1010633718284295,4.839537462944222,-1.3241556409891406,4.231002991622318,-1.4843826805569706,3.5258542731717704,-1.562486837663941,2.760303158327465,-1.5384353742514707,1.9803898075598583,-1.3915526692009346,1.2423367704478525,-1.1006420892838933,0.6128395133384242,-0.644096909150565,0.1692987308470872,-0.0,0.0,0.5133315332498773,0.1303953305447238,0.973926197699387,0.5045341849430915,1.3761912494002722,1.0945924744388758,1.7158748410298847,1.8702881767883102,1.9899874637631403,2.799532254185405,2.1967215158224667,3.8490397627498303,2.3353703603137674,4.984900566101814,2.406248031571815,6.173109695851612,2.410610552546101,7.3800579318760775,2.350579640681537,8.572983609685387,2.2290694096945183,9.720387007717935,2.049716521703631,10.79240893212518,1.8168141093393622,11.761175309366273,1.5352496708472338,12.601109726839816,1.2104470422676563,13.289215937836126,0.8483124684987507,13.805332377898015,0.4551847280845792,14.132360733232987,0.03778921339535346,14.256470565405637,-0.39680417312468447,14.16728193665057,-0.8412194763734598,13.858027902473946,-1.287809690767521,13.325698647658605,-1.7286885120378048,12.571168942511182,-2.155759050981228,11.59931049165385,-2.5607397238766674,10.419090640712481,-2.9351875325794685,9.04365879917259,-3.2705189424489873,7.490421832267382,-3.5580285590098004,5.781109572413054,-3.788905795249248,3.9418315024452624,-3.9542497112533486,2.003125569469053,-4.045082196924352,0.0
198,4,-1.068883495986111,2.413466581048611,-1.1277802185045813,2.4219525322564346,4.999133313229063,5.005143018123016,8.025297086108289,9.655947918250812,-0.0,-0.0,-0.053190448711646694,-0.017816809842572695,-0.010854131734586775,-0.037278218639437435,0.10219265892803676,-0.016895879573368855,0.2629348974982746,0.0728526284407921,0.4503448018007689,0.2504716479536431,0.645548347675468,0.5244835927619385,0.8319682943370444,0.8945426375178902,0.9954403715203541,1.35261333387705,1.1243000988255938,1.884200065096902,1.209438627035161,2.469612212874688,1.2443269613663708,3.0852493465932467,1.225008896490356,3.7048906686631167,1.1500639132987394,4.30097334764362,1.0205421138767887,4.845845207153045,0.83987396838759,5.312978457112168,0.6137581904569303,5.678132683245057,0.3500314324223305,5.920457069889309,0.058523695986156726,6.023523734913007,-0.24909660487925528,5.976286020138462,-0.5594840973099608,5.773957528434723,-0.857780817412622,5.418809561608465,-1.1277802185045813,4.920886335708496,-1.3520879435664916,4.298638890274779,-1.5122769266645488,3.5794799371611603,-1.5890348468949336,2.8002629977456825,-1.5623024132967485,2.007690051278034,-1.411401392432524,1.258652568362759,-1.1151516885190484,0.6205112464972188,-0.6519771399041185,0.1713200191802748,-0.0,0.0,0.5187880508160702,0.1318142694548158,0.9835858849834487,0.5097817657412664,1.3889290301669623,1.105483573815446,1.7306965860874506,1.8881078610825033,2.006028149358417,2.8251009581125675,2.21323991519747,3.882776638889222,2.351741214908105,5.026883512995282,2.4219525322564346,6.223131017114161,2.4252258408445098,7.4376749638430475,2.363767921327186,8.63756398026666,2.2405671535176914,9.791148456382793,2.0593241346859372,10.868453834221713,1.8243863514466165,11.84152021236379,1.5406870277199363,12.684710327262083,1.2136881840579115,13.37498801151286,0.8493278726257606,13.89216922847215,0.45397149563009576,14.219147750068606,0.03436707126758622,14.342097487132367,-0.4023957213680279,14.250653405010338,-0.8489229101536703,13.938072866802468,-1.297550217521291,13.401379146582421,-1.7403738833151636,12.6414887490937,-2.169278541721546,11.663324063622671,-2.5759623700187477,10.4759127704551,-2.9519597224846192,9.092475310428858,-3.2886614558285934,7.530501623078035,-3.577333143664018,5.811818257827051,-3.8091313673694924,3.9626468664330052,-3.975118259671344,2.013654993927232,-4.06627446579272,0.0
199,4,-1.1194466426805556,2.4344044973055556,-1.1282288737138189,2.3829400825426066,5.001820925102253,5.0052092146548945,8.404930858502755,9.739717642050309,-0.0,-0.0,-0.044977906334370966,-0.015674950891314297,0.0033449635112754172,-0.029437536008710293,0.12005518938077654,-0.000942905066596469,0.2821828581481365,0.09817547541184712,0.46887057861123854,0.2853207322680005,0.6615191014134646,0.5680262944310972,0.8439065568800843,0.9451159245529888,1.0022791238673707,1.4079163007075368,1.1254118103773987,1.941507496870906,1.2046389176347034,2.5259962739677726,1.2338546298166648,3.137797098468017,1.2094849814695539,3.7509062323669786,1.1304331697553385,4.33815504773274,0.9980007730201268,4.872429856619625,0.8157878938063623,5.327846948017682,0.5895755557125906,5.680873116485274,0.3271938505702746,5.911383679459842,0.03837936400188143,6.003651741751354,-0.26537468166994505,5.947264212139177,-0.5709723189497296,5.737961752589487,-0.8638697838868027,5.378401399854291,-1.1282288737138189,4.878842007551012,-1.347066430619792,4.257753890679071,-1.5023980511718482,3.5423551006705036,-1.575374502928897,2.769077613479294,-1.5464096975126318,1.9839673796657538,-1.395299412000157,1.2430226739199894,-1.1013302603058672,0.6124755065986497,-0.6433786884487985,0.16902103932781445,-0.0,0.0,0.511337677688378,0.12994373598700706,0.9690245077158385,0.5023882696464513,1.3678580773281819,1.0891522028712437,1.7039253519939508,1.8597785771817619,1.9745229947691536,2.782159673192378,2.178077516244006,3.823121881540832,2.3140662637952296,4.94897082035863,2.3829400825426066,6.125997334107882,2.3860483179879908,7.320945383584718,2.3255666833761004,8.501443134477917,2.204428384075457,9.63639878002566,2.0262587767719236,10.696362800166039,1.7953137425196122,11.653858473145116,1.5164218688574924,12.483682523509588,1.1949304661807176,13.163177819959673,0.8366553861111541,13.672480034274658,0.44783456343188477,13.99474014440849,0.03508516691777937,14.11632461619038,-0.3946357831716369,14.026995033504052,-0.8340674932816299,13.72006887038865,-1.2756783465574528,13.192563013645168,-1.7116959092386164,12.445321554152319,-2.134134182124284,11.483129271613524,-2.534818286282723,10.314812142862744,-2.90540676981241,8.95332610975493,-3.237411717847844,7.415835250335711,-3.522216841667323,5.723780407409591,-3.7510937151521735,3.9029392425552047,-3.9152163183439423,1.9834786016067456,-4.0056740387611365,0.0
200,4,-1.15493845525,2.388712728986111,-1.1021550747096638,2.35705707835827,5.001474281330928,5.0052679213749744,8.671407365122858,9.556911160017462,-0.0,-0.0,-0.03534927951600264,-0.012988283737730864,0.01657821027541961,-0.020812745923119904,0.13221301578727382,0.014197340339692825,0.28986855097627284,0.11839247395699018,0.4698809735208076,0.3077801220076899,0.6547289036114752,0.5890669046441984,0.8291311107749022,0.9607551974332506,0.9801208807184584,1.4142827883753104,1.0970963676302132,1.9351937314241212,1.171846814167906,2.5043283363842264,1.198555061639506,3.0990203131289773,1.1737772610660078,3.6942894238137662,1.0964011209173072,4.264018561178706,0.9675843826619877,4.782104930759808,0.7906754980528575,5.2235759341312535,0.5711186926252921,5.565661392868682,0.3163457409743207,5.7888148832459425,0.035656855462378574,5.877678136081444,-0.25990689334960293,5.821983663487552,-0.557697242881137,5.617391976352474,-0.8435961930751293,5.266260928175225,-1.1021550747096638,4.778345840624124,-1.3167332142114865,4.171430115422153,-1.4696343622134125,3.471887000666865,-1.5422392583721967,2.715174045485786,-1.5151329246927394,1.9462625362101256,-1.3682255076368113,1.2200048543393123,-1.0808657197154061,0.6014432288048243,-0.6319461585057694,0.16606377263914754,-0.0,0.0,0.5030599782593587,0.12780577623245962,0.9541007402447934,0.49438280305798105,1.3478624836167183,1.0723530672288528,1.6803353543420063,1.832023904822533,1.9486918272536768,2.7419961724522053,2.1512171791455286,3.7697380876054036,2.2872390627596686,4.882124041037397,2.35705707835827,6.04593816055731,2.3618731258096055,7.228342825477704,2.3037232070214446,8.397312694108269,2.1854112385222173,9.522035113910432,2.01044532902687,10.573278037341082,1.7829768785279592,11.523726768952532,1.5077427650146857,12.3482910246294,1.1900108031495773,13.024383896078405,0.8355285865755393,13.532174387302408,0.4504757621235543,13.85481522939151,0.041419729914998676,13.978647690154888,-0.38472528214255647,13.893385080384617,-0.8207358581946177,13.592276623152843,-1.2591138669370656,13.072253300477339,-1.6921179077703197,12.334057226587296,-2.1117918881233675,11.382356022152639,-2.5099909005815677,10.225843582094416,-2.878404574934536,8.877328543478455,-3.2085780828262407,7.3538116716462785,-3.491930972013182,5.676553293943106,-3.7197740039369136,3.8711318226281164,-3.883324162949556,1.9674943229648083,-3.973717998588368,0.0
201,4,-1.1175862699722223,2.316322007125,-1.1507045001012144,2.3651323765090946,5.000895568665091,5.005850907166825,8.390962971701875,9.267285836201392,-0.0,-0.0,-0.03353401490034991,-0.012710504830967553,0.023722722180250587,-0.01841241950915138,0.14685305130077728,0.02197991327013232,0.3129595847148867,0.13559118389047853,0.5013285645318682,0.3386369900677198,0.6935676289601507,0.637551239319206,0.8737149784104873,1.0301753709496826,1.0283183190584315,1.5069946540838766,1.1464828730948375,2.0524062348573398,1.2198886382216163,2.6460034754517237,1.24277791436674,3.2638614309558114,1.2119148597813119,3.8798090094635773,1.1265194661990294,4.466674404059537,0.9881788368170529,4.997491709494156,0.8007390034645792,5.446658172334447,0.5701807305795372,5.791033200160479,0.30448283070360227,6.010972003821047,0.013476471981178753,6.091288502787647,-0.2913061904498425,6.022143830696188,-0.596785960808381,5.799858388844077,-0.8884903263496051,5.427646872361554,-1.1507045001012144,4.916277009879968,-1.3666176917217996,4.28465389550007,-1.518462891116472,3.5603327434596133,-1.5876488187937212,2.779963660720636,-1.5548830483821827,1.9896726168930947,-1.4002856313586363,1.2453832057784602,-1.1034928456643789,0.6130840534135066,-0.6437509447448505,0.16904685136052752,-0.0,0.0,0.5104609746747308,0.129767349252384,0.9663934593011129,0.5013654381025738,1.3628767250629397,1.0862455964412074,1.69625158083371,1.8537175354054976,1.9640395878522823,2.771559923382701,2.1648627107039493,3.8065906361091324,2.298364330664828,4.925197137929327,2.3651323765090946,6.093827871009027,2.366625171272126,7.279445867063187,2.3051004524700542,8.449946059492227,2.183547898408365,9.574537970678916,2.005625384383018,10.624095587647542,1.7755990992447834,11.57147632722562,1.498287574087643,12.391811036818982,1.1790096096365266,13.062766985956147,0.8235360360143753,13.564785783336678,0.4380451966652695,13.881298110051688,0.02908201599334547,13.998917097101856,-0.39647951352489824,13.907612098843133,-0.8314706055906969,13.600864527444028,-1.2684589070368162,13.07580732016293,-1.6997768742668549,12.333349514031639,-2.117547497256579,11.37828730366221,-2.5137075671569717,10.219402859241434,-2.880028678882619,8.86955208482617,-3.2081361534086366,7.345742402954148,-3.4895260563593777,5.6692015612061555,-3.715580480295223,3.8654383703233397,-3.8775812482577643,1.9642962022205825,-3.9667221859212236,0.0
202,4,-1.1112981132291668,2.3538085305208334,-1.1634836088579668,2.3932357057998574,4.9987561529654085,5.006442679988077,8.343750786111453,9.417264261587,-0.0,-0.0,-0.03731473513766567,-0.013750352881859693,0.01828433480326999,-0.02183903351483686,0.14155463249497,0.015801466639160756,0.30924053771364557,0.12710614873580842,0.5002525863553228,0.32891679030811033,0.6958206451627691,0.6281044755303052,0.8796178357575735,1.02276151532533,1.0378529399626382,1.5034475233080777,1.1593300396436148,2.054473533373631,1.2354751742066337,2.6552076795816113,1.260330785716097,3.2813861000686355,1.2305196196380894,3.906413340756568,1.1451805216086377,4.502637567593004,1.0058791911340368,5.0425872781129435,0.816497406860133,5.500157854106868,0.5831045211689712,5.851738132330762,0.31381514048398995,6.077269105339495,0.018636876100626875,6.161228820694995,-0.2906881109788611,6.093539453797162,-0.60084431454247,5.8703943284786755,-0.8971037265723539,5.495004304038999,-1.1634836088579668,4.978264404378546,-1.3828989110382344,4.339342813756364,-1.5373074898501158,3.6061953953586197,-1.6078467104644352,2.8160097041874743,-1.5749604121340937,2.0155830737246343,-1.4185155864680803,1.2616397715500651,-1.11790844056588,0.6210924621023699,-0.6521597952804976,0.17125330718968942,-0.0,0.0,0.5170762193603377,0.13145223057494249,0.9788283192917739,0.5078478903538547,1.3802563597405324,1.1002193645924818,1.717651899597803,1.8774254614959558,1.9885135035862447,2.8067760364060734,2.1914628542747927,3.8546144754615703,2.3261624536224397,4.986858595777346,2.3932357057998574,6.169500962504884,2.3941899985727817,7.369069974606044,2.3313432453491645,8.553053340205153,2.2077542143002584,9.690285758705631,2.0271568542900402,10.751302760118472,1.7938987287182229,11.708662731532696,1.512883586492534,12.537239195071427,1.189518032681617,13.214485399017594,0.8296622083449646,13.720673251272528,0.4395843479537927,14.039108568322938,0.02591905210986374,14.156324539022423,-0.4043709085765714,14.0622552155461,-0.844029456976409,13.75039074792803,-1.2855389470313496,13.21791597704295,-1.7211489853398454,12.465833896548856,-2.14290254576217,11.499075389428246,-2.542659582029015,10.326596541148184,-2.9121183368831423,8.961464730494871,-3.2428345380456545,7.420934601869876,-3.5262386618076516,5.726514930020483,-3.753651434741068,3.904027300326203,-3.91629773325617,1.9836574451960096,-4.005319029792036,0.0
203,4,-1.1155843908194445,2.3160823003749997,-1.1174344236921847,2.339263884859164,5.001278540510849,5.0056475684104305,8.375932638656357,9.26632680245639,-0.0,-0.0,-0.026263712249583317,-0.010625424412782927,0.03255515558424913,-0.012093303416038023,0.1529361922488093,0.032179245471639695,0.3133091922739032,0.14749664943973148,0.4941834330115728,0.3488931421043695,0.6782559584428793,0.6422004828401614,0.8504975145948145,1.0251642764178517,0.9982153064328574,1.4885974894622345,1.1110922597607786,2.01755947438035,1.1812029599810765,2.5925487765659403,1.2030068914090701,3.190698201287914,1.1733200077853605,3.786961032266864,1.0912660207412732,4.355277900506806,0.9582090943773255,4.869714573013867,0.7776698786730865,5.305561838646957,0.5552270014093509,5.640389683844898,0.2984062680430807,5.855049045616772,0.01655989290010062,5.934615574669739,-0.2792618946085776,5.869271010490787,-0.5764445551863501,5.655118936543436,-0.860946019408171,5.294932823192418,-1.1174344236921847,4.798835356402595,-1.329424838962832,4.18490907211353,-1.479413213429077,3.479739252835063,-1.5490059592755536,2.7188908810352364,-1.5190438378439466,1.9473221733333612,-1.369719031957005,1.2197378339439542,-1.08068453046586,0.6008856623420795,-0.6311551823602795,0.1658005292136946,-0.0,0.0,0.501526608509079,0.127451978371279,0.9504442344164716,0.49275125556081883,1.3417180992582651,1.0682820979761893,1.6715409559340308,1.8242210808527062,1.937264453225082,2.7291337782012084,2.1373290293369926,3.750536724196319,2.271193311719045,4.8554241595695045,2.339263884859164,6.0107595364414586,2.342826170666097,7.1839321566034915,2.2839770504490127,8.343179661544346,2.1655597459437987,9.457977378918484,1.9911013713819985,10.499395762222175,1.764753470829905,11.440427341652837,1.4912357660500104,12.256284738613397,1.1757832606321166,12.92467138866982,0.8240967764026241,13.426026672800381,0.44229693811852094,13.743747179377657,0.03688157189333423,13.864385814303256,-0.38531355881488727,13.777830448674575,-0.8171507891493767,13.477463746616303,-1.251223496015838,12.960305754417066,-1.6798861027936522,12.227140759444474,-2.095281313079016,11.282629846628646,-2.4893647490004205,10.135410494353508,-2.8539271734006446,8.79818446272271,-3.1806144753629324,7.287795137339903,-3.4609455958464994,5.625295402574954,-3.6863285651944055,3.836007031071878,-3.848074817522361,1.9495724919986501,-3.9374119389570894,0.0
204,4,-1.1183550895833332,2.3067430241249998,-1.1291587761967725,2.328785868190704,4.998424396950117,5.006404400382993,8.396735355509803,9.228961642411385,-0.0,-0.0,-0.02359442333450835,-0.009976506937392849,0.03812323838837393,-0.009386297512839582,0.1612677736640153,0.0383732010249042,0.3239932945724773,0.15846628678377278,0.5066150124262626,0.3656699496853269,0.6917096109685708,0.6654804347417597,0.8641930094237243,1.0552643802943256,1.0113747665682666,1.5254430194691941,1.1229888477000942,2.060697676138772,1.1912009460499406,2.6411847653500304,1.2105930056035856,3.243748718677051,1.1781260205212394,3.8431216868888294,1.0930825752116773,4.413099509010398,0.9569909278953523,4.927684255866064,0.7735327203335804,5.362184630181839,0.5484366107969795,5.694266603090493,0.28936027239986006,5.904947854616907,0.005763273498944079,5.979530828351653,-0.29122663745750604,5.908470473093837,-0.5889513792821433,5.6881739932570134,-0.8733621716163498,5.321731134436548,-1.1291587761967725,4.819574663559788,-1.3399263753601642,4.2000717417654725,-1.4882683556892404,3.490047814841834,-1.5559335228816207,2.725245448166091,-1.5239365417256938,1.950721203293191,-1.3726706630378764,1.2211841892305826,-1.0820120591923499,0.6012803250656819,-0.6314153344366105,0.16582662789572583,-0.0,0.0,0.501037804997589,0.12735557687095883,0.9489328307270015,0.49217352285389054,1.3388160879276565,1.0666130179169049,1.6670354715724771,1.8207059370768193,1.931083861715364,2.7229473661380634,2.1295265728006,3.740849963195264,2.2619290864358104,4.8414620795142005,2.328785868190704,5.991849987213764,2.331450938167444,7.159544928533757,2.2720707407036174,8.312956004932879,2.153519742725221,9.421750167589721,1.9793390844281187,10.457200758739324,1.7536785110198938,11.39250619091466,1.4812417305935341,12.203080444140753,1.167235270814402,12.866817115102577,0.8173208456424892,13.364328772838887,0.4375711921972615,13.67916336793023,0.034429296342912225,13.797999411438827,-0.38532910724349506,13.710821590599021,-0.8146298997898096,13.41107842457583,-1.2461319653948797,12.895823489161092,-1.672255769990446,12.165841657246803,-2.085209309310321,11.225761715034267,-2.47701160594883,10.084156624505509,-2.8395139352249856,8.75363261260596,-3.1644189564471645,7.250908178407376,-3.4432979208974057,5.596884022463595,-3.667606120948239,3.81670481858054,-3.8286967366382334,1.9398136679963485,-3.9178332271453433,0.0
205,4,-1.0892865583680555,2.312742297833333,-1.1683084949049967,2.353888622307195,5.001553364673119,5.005803212848031,8.178485565204829,9.252963911566416,-0.0,-0.0,-0.02328073663682158,-0.010036236364582255,0.041613490555625764,-0.008595516670102608,0.16990407738016888,0.04213173626571315,0.3388936098188229,0.168079301634241,0.5281165212932217,0.38438446749512906,0.7194633733766953,0.6965361708439074,0.8972767970352358,1.1015782578161757,1.0484179610636577,1.5893533761108964,1.1623032636592505,2.1437726531589907,1.230911736129147,2.744096361997453,1.2487643735456384,3.3662112061296976,1.212877241083285,3.9838906247900394,1.1226907292782007,4.5700255803503795,0.9799777363378862,5.097814582552225,0.7887338376172106,5.541903168912832,0.5550526642980089,5.879464636065308,0.286989763038723,6.091215444698765,-0.005581842408175714,6.162360347860873,-0.31112130358640105,6.083463871911259,-0.6165719371388324,5.851246272167438,-0.9075129371082615,5.469303460087124,-1.1683084949049967,4.9487516325483565,-1.3822523357426573,4.308798410985818,-1.5317060141087984,3.5772432104642173,-1.598229643051569,2.7909103041494014,-1.5627040529297855,1.9960186303791894,-1.4054436769253116,1.248492815360153,-1.1062997370774086,0.6142201656017903,-0.6447535516775992,0.1692585342607745,-0.0,0.0,0.5104091594226338,0.12978808397837863,0.9655780599005841,0.5011950899553882,1.3607687220921594,1.0853628541656877,1.6924880908918845,1.8513787930203767,1.9584077866347263,2.7668783068811242,2.1572842698394528,3.798607121584391,2.288880326569701,4.912944008089889,2.353888622307195,6.076384733952923,2.3538579241232798,7.255988436739339,2.2911224555400933,8.41978787499155,2.1687347267669574,9.537165213540256,1.9904020753935339,10.579195143808832,1.7604270590648803,11.518957233329875,1.4836517617298464,12.331819448917999,1.1654060080331128,12.995694811463084,0.8114594253984392,13.491273123358852,0.427977249276312,13.802229667903578,0.021479732778281767,13.915412718798594,-0.40119500365871663,13.821011621748738,-0.8329248649791129,13.512707123189188,-1.266334610591182,12.987805526815047,-1.6938238200197773,12.24735815983526,-2.1075921970458986,11.296267530176612,-2.499662412359369,10.143381455244603,-2.8619006800091475,8.801576343915318,-3.186035256009189,7.287830717444046,-3.463673038921271,5.623289962874947,-3.6863144425781407,3.833323225002312,-3.84536670073961,1.9475732604229525,-3.9321557527266724,0.0
206,4,-1.1026877355625,2.362985630840278,-1.1710798942756095,2.337283120593785,4.998796159989729,5.005177376832403,8.279103105556853,9.453980578034448,-0.0,-0.0,-0.023855797623652777,-0.010254570173495242,0.04187196347928116,-0.00893653049080367,0.17172578231679145,0.04229274008128951,0.34246395823779024,0.16959014201188274,0.5332114778825935,0.3880777565510794,0.7255792075613173,0.7030573436049815,0.9037500577332234,1.1112762132966927,1.05453178606898,1.6022278330400233,1.1673770511786237,2.1594706046912604,1.234372183056134,2.761948770369172,1.250196869601046,3.385300327397874,1.2120575514474878,4.003138086864297,1.1195977593169368,4.5882915232787695,0.9747889175437665,5.113998758578262,0.7818052803354646,5.555039827154862,0.5468866760361437,5.888804209317204,0.2781926261482829,6.09628743558262,-0.014348799856138645,6.163013299752954,-0.3191943143632996,6.079879831580103,-0.6233381821505439,5.843928637522189,-0.9124620570100427,5.459038498727474,-1.1710798942756095,4.93654520685763,-1.382676332547849,4.295790517248399,-1.5298373072496754,3.564603809098317,-1.59437200359133,2.7797205736324537,-1.5574255697138808,1.987142217660452,-1.3995822875000832,1.2424418887981985,-1.1009591364153495,0.611021118768733,-0.6412898843567159,0.16832206224082377,-0.0,0.0,0.5072484177599489,0.1289998651456883,0.9593025010257533,0.4980421479546907,1.3515933329956786,1.0783350693978428,1.6807679792243841,1.839109816210808,1.944607790653222,2.7482080539703384,2.141948398210417,3.772628982283659,2.2726020915723506,4.879036957802521,2.337283120593785,6.0342310178278264,2.3375363212755604,7.205577871635234,2.2756693488584685,8.361410097052172,2.1546886981213156,9.471391394802342,1.9782396042644685,10.50685082086303,1.750549845677362,11.441087945169139,1.4763774110725612,12.249650880419297,1.1609619465075767,12.910589093776176,0.809979861290961,13.404682862476868,0.42950294430555647,13.715651166651751,0.025960322577727443,13.83033973319323,-0.39389641922840846,13.738890856893432,-0.8230251474048208,13.434896532280238,-1.2541223081110817,12.915536334102853,-1.6796494684415482,12.18170138826758,-2.091857458242595,11.238105679811646,-2.4828082958300675,10.093385851487618,-2.844395073666458,8.760190556670032,-3.168359971786454,7.255260344293467,-3.4463105576958815,5.5994989718769075,-3.6697345219302933,3.8180369656972992,-3.8300129887029786,1.9402881750169603,-3.918432531302406,0.0
207,4,-1.151350710125,2.3311276137569443,-1.1849721301680622,2.397437219566216,4.997634745533064,5.005465454102672,8.64447017261733,9.326521032436862,-0.0,-0.0,-0.030517226792203856,-0.012028501751198234,0.031160570967707264,-0.015161848803659844,0.15949186378120053,0.030229414153833352,0.33101492452901704,0.15151609860081336,0.5245226035687277,0.36489508278426036,0.7212086160033162,0.6765544254795658,0.9047825216014355,1.0839038934112493,1.0615515923569843,1.576854753874885,1.1804688174208535,2.139132044755193,1.2531473354977665,2.7496024207969736,1.2738425597068597,3.383601067467514,1.2394041254134267,4.014242027977676,1.1492005135337526,4.613697541324252,1.005019757628896,5.154433561658952,0.8109500220138705,5.610390435614731,0.5732440407768808,5.958099665691799,0.3001714446452825,6.177729698580169,0.0018628925841077983,6.254055668911352,-0.3098503080473904,6.177349933683112,-0.6215977378170806,5.944191995703889,-0.9186295996375405,5.558197994984149,-1.1849721301680622,5.030671318036001,-1.403576620538875,4.381177022443526,-1.5564604273912122,3.63804369514933,-1.6248387822024248,2.83879706446315,-1.5892465995155483,2.0305301820126482,-1.4296498344484283,1.2702153011924018,-1.1255462418300841,0.62496272593742,-0.6560556417511526,0.1722319122991852,-0.0,0.0,0.5194567102851204,0.13208482103329733,0.9827772642228181,0.5100931317043962,1.3851255099660347,1.104692957874158,1.7229390082355172,1.88445624957451,1.9938436306930458,2.8164743537949097,2.1965694526482498,3.8669310695149037,2.3308688121914076,5.001634158437246,2.397437219566216,6.186506573006245,2.3978376330775766,7.388038962445386,2.3344284713602237,8.573705238206506,2.210295605925675,9.71234313282028,2.0291884715061035,10.774501780711608,1.7954603433923884,11.732758395502188,1.5140127590589814,12.562006124298025,1.1902440041086342,13.23971513321769,0.8300015381661224,13.746168926834347,0.43953820306086744,14.064677833268593,0.025472031818980462,14.181771501522391,-0.40525053888286017,14.087372162636308,-0.845388259441425,13.774950305007641,-1.2874356718093076,13.24166430970338,-1.723650937979832,12.488485486236655,-2.1460810990354013,11.520309844953854,-2.5465849650839436,10.346057840365003,-2.9168538282897285,8.978763221552665,-3.2484301817619388,7.43565203200626,-3.532724616757321,5.73821271239691,-3.761031059853593,3.912258176265381,-3.9245405007566676,1.987980650513227,-4.014353350450144,0.0
208,4,-1.1955599158487105,2.4080482258725198,-1.165776099849179,2.373410654033754,4.998775932428506,5.005277201235769,8.976397844067003,9.634269824261962,-0.0,-0.0,-0.03255635117213192,-0.012552452904083624,0.027295208153191856,-0.017166035126387244,0.15381975311129756,0.025842837359366867,0.32345368253494916,0.1438256149685872,0.514969651881456,0.3529297859251213,0.7096095843014355,0.6593016350702776,0.8911838801021644,1.0603471129408908,1.0461360549096714,1.5460336759617093,1.163573111189152,2.10021584494997,1.2352629354988243,2.701967632942777,1.2556008736100268,3.326905860528283,1.2215483377834253,3.948489635487087,1.1325468279027284,4.539282840022242,0.9904110958591387,5.07216825407145,0.7992053564639474,5.52150385835531,0.5651064630692787,5.864213822399279,0.29625784337480965,6.080808616406443,0.0026177560503111213,6.156330528996176,-0.3041948909835446,6.08122257616085,-0.6110542975673253,5.8521203146410485,-0.9034786512998276,5.4725674026462485,-1.165776099849179,4.95365687163405,-1.381184199081971,4.3146009840117205,-1.5320016128364602,3.583233260633332,-1.5997112001655873,2.7964467825374344,-1.5650939467091394,2.000573221518214,-1.4083334748501106,1.251707254470053,-1.1091111014281745,0.6159810887677719,-0.6466916030499349,0.1697937919998455,-0.0,0.0,0.5124168753680813,0.13027785526081442,0.9698560845891463,0.5032465917171247,1.367518416224103,1.0901642451171154,1.7018434772157156,1.8602023675047363,1.9704282301514047,2.781045019669399,2.171947153130868,3.81944740575155,2.3060747089538123,4.941755139904423,2.373410654033754,6.11438543838034,2.37540858050141,7.304271760579078,2.314307966767424,8.479273589017366,2.1930699113071883,9.608553149976284,2.0153166402585385,10.662920942271688,1.7852748100679379,11.615151968965048,1.50772257029338,12.44027456290017,1.1879403071863794,13.115833667931211,0.8316649542993921,13.622130389034343,0.4450477306577603,13.942439560859032,0.034615148669192346,14.063207009673121,-0.3927668782834295,13.974228101453162,-0.8299260057811162,13.668809081863621,-1.2694136860937548,13.14391262434755,-1.703532833683195,12.40028891236774,-2.1243631056204295,11.44259349246064,-2.523783969203733,10.27949304733766,-2.893495722728785,8.923760153656618,-3.225038627961362,7.392358007923828,-3.5098103047462152,5.70651602671819,-3.7390815296353637,3.891797154336176,-3.9040105716638833,1.978157642199453,-3.9956561896216747,0.0
209,4,-1.163122924484623,2.37290254568998,-1.185071147618328,2.371032310176409,4.999760662867931,5.0047791673586115,8.732857277434741,9.49365679068656,-0.0,-0.0,-0.03015825049530923,-0.011987203710537422,0.032715185358952716,-0.014664177605854012,0.1625125706037309,0.031869643347191945,0.3353419127861875,0.1550071035125979,0.5296980139831649,0.3707853019674135,0.7265999286809433,0.6851148063183329,0.9096927592452437,1.0950687407697035,1.0653129330745055,1.5902136529733082,1.1825172821908752,2.153963933245919,1.2530773273226794,2.7649419954838215,1.2714411077838599,3.3983273716643994,1.2346656623148893,4.02717924125716,1.1423238354431346,4.623718620110115,0.9963894536406722,5.160558371343799,0.8011050927482429,5.611871274952517,0.562836659988855,5.954488510850436,0.2899188649156285,6.168922990222128,-0.007504617210586325,6.240313943938201,-0.3176428480858495,6.1592909912080644,-0.6272181763852454,5.922757528625697,-0.9216230722404546,5.534594675995277,-1.185071147618328,5.006288180591423,-1.4007407168740424,4.357481616740768,-1.5509096775345994,3.6164599326385773,-1.617080879031419,2.8205679076074013,-1.5800974896486033,2.0165684115315172,-1.420248165917567,1.2609455275209072,-1.117362073490099,0.6201576335141037,-0.650894005815573,0.1708454627683243,-0.0,0.0,0.5148648838919163,0.1309369929530388,0.9736843894874077,0.5055165737306401,1.3717940087320961,1.0944961377312246,1.7057768365876138,1.8666163302739105,1.9733778702580362,2.789203353396773,2.1734203788667874,3.828728907424929,2.3057250321750513,4.951328982088305,2.371032310176409,6.123283013659443,2.3709285703705456,7.311455148350358,2.307776025319612,8.483699508716228,2.184646778378515,9.609231459157819,2.0052609786338556,10.658966918138592,1.7739290853027099,11.605831776922214,1.495498175301105,12.42504346507103,1.175302183590259,13.094366658293845,0.8191159325256453,13.594345060277675,0.43311278216709975,13.908511111835214,0.023825716893797196,14.02357539223549,-0.4018883266084935,13.929597382448959,-0.8368810900221805,13.620139161103335,-1.2737427837122857,13.092403503539453,-1.7048292353202186,12.34735775433213,-2.1222865904059085,11.389844745446883,-2.518073752135816,10.228681936944822,-2.8839827388695447,8.876749865637452,-3.2116571294152054,7.351070899906721,-3.492608756058606,5.672879216418662,-3.718232795509984,3.8676828368899487,-3.879821397881143,1.965318490503311,-3.968575983882699,0.0
210,4,-1.0988839972291666,2.393449023361111,-1.1549702029060942,2.3649406609565236,4.9976430575686495,5.004772236392579,8.250544211835086,9.575860422530404,-0.0,-0.0,-0.035595332760737765,-0.013325559433642182,0.021579329069674535,-0.02014460190676321,0.1458632596381896,0.019426660225947627,0.31375021134539377,0.13297294055758804,0.5040500389457142,0.33689873258620445,0.6980200375691781,0.6376205050859397,0.8794640629586639,1.0328165719281723,1.0347984959631065,1.512718251422612,1.1530850967409212,2.0614257085169596,1.2260317224919905,2.658232131172836,1.2479627167456115,3.2789405923383192,1.2157614870295594,3.8971590359078774,1.1287883492100284,4.4855602303036735,0.9887771189885171,5.017095179758989,0.7997141718513889,5.466150290476134,0.5677037789889009,5.809640477229022,0.3008234725765509,6.0280322916773965,0.008973019185247476,6.106292991252116,-0.29627969161026674,6.034763192457881,-0.6018528800819161,5.809952322518259,-0.8933026582050975,5.435257468701183,-1.1549702029060942,4.921607407726816,-1.3701225813969962,4.288034571651661,-1.5210858940591119,3.562178474213278,-1.5893697783022747,2.780724693055909,-1.5557826585285885,1.989783894457989,-1.4005374268332438,1.245215617903436,-1.1033474935636636,0.6129016300020953,-0.6435133560996319,0.16897363353238126,-0.0,0.0,0.5101247774321823,0.12968642935176886,0.9656929855906089,0.501024656144719,1.3618666780591904,1.085473426681455,1.6950503982029093,1.8523865572077776,1.9628095610161742,2.7696137292963803,2.1637903361132955,3.8040608173063326,2.2976417624938166,4.9222106884216315,2.3649406609565236,6.090605739077776,2.3671197650763287,7.27629367745787,2.3063993662209588,8.447238240038336,2.185722661301197,9.572696650453908,2.0086949025452143,10.623565700253927,1.7795263750382657,11.572698361752893,1.5029791684191938,12.395192840655566,1.1843176622854417,13.068655947135783,0.8292626088761446,13.573442614409906,0.4439486699098967,13.892873328601361,0.03488524559877164,14.013431157119355,-0.39107957847337727,13.92493997845584,-0.8267921479061814,13.620725427202283,-1.2648236034383162,13.09775997661133,-1.6974976755150755,12.356793489108043,-2.1169160892649734,11.402470474306684,-2.5149817542537654,10.243435205475839,-2.8834199064818997,8.8924257598845,-3.2137973621609692,7.366357966676874,-3.4975400342100467,5.686400168283157,-3.72594885344722,3.878039628134672,-3.8902142273472564,1.9711413487382987,-3.981429160175045,0.0
211,4,-1.1120981193333332,2.416108480756945,-1.1578719234809882,2.366995107152158,4.997878178540475,5.0048408533828015,8.349757321604558,9.666517795699802,-0.0,-0.0,-0.0390743308272003,-0.014240958993033811,0.015739626717971973,-0.023436817952688413,0.13878206277475802,0.012858456954466234,0.3064824946357593,0.12277566990817111,0.49753042722925483,0.32321883428607356,0.6930178302551651,0.6210320194174788,0.8765509141721044,1.0142298465664958,1.0343296138761289,1.4932758463484643,1.1551941392675407,2.042392331694694,1.2306388840302664,2.6408853547095217,1.2547948591582272,3.2644686833433445,1.22438260261385,3.8865715176623348,1.138638184304013,4.479615813472086,0.9992154573133414,5.016250529541622,0.8100680911334874,5.470531792587931,0.5773151575074473,5.819039806978487,0.30909412885923504,6.041925249640537,0.015405103871855688,6.12387981461658,-0.29205008948008815,6.055027442488657,-0.6000305266030659,5.831734532869778,-0.8939175085963365,5.457339049136136,-1.1578719234809882,4.942799850572137,-1.374985423268684,4.307268806449271,-1.5274236330351836,3.5785892483691923,-1.5965600407355462,2.793725100355554,-1.563099627154236,1.99912559795955,-1.40719167222796,1.251030882124923,-1.108531508538895,0.6157239499053048,-0.6464512798579775,0.1697344849115927,-0.0,0.0,0.5122215997631419,0.13023133758711677,0.9693589251926881,0.5030333093608768,1.3665364539384444,1.0895898669453343,1.7001560200294856,1.8589701544941597,1.967810308010492,2.7787455335489453,2.1681975337505763,3.815563607678432,2.301038261503169,4.935680086316466,2.366995107152158,6.105449751343015,2.367595897099899,7.291778118962221,2.305160692404635,8.462535633321862,2.182732948980835,9.586936397549222,2.0040149665354106,10.635883552907018,1.7733076804085333,11.582283467692426,1.4954547701728806,12.401330903784492,1.1757909950014007,13.070767299062881,0.8200946165841032,13.571114246049152,0.43454373386724826,13.885884167894208,0.025676328256354096,14.001770098148322,-0.399646198578798,13.908816365599648,-0.8342722211415023,13.600571874008281,-1.2707900505418797,13.074227552188479,-1.7015552867961818,12.33073943531043,-2.1187155852898285,11.374938725618396,-2.5142330513901814,10.215630071594353,-2.8799044669347773,8.865679200101923,-3.207379540766353,7.342090937029113,-3.488177363168454,5.666078558919744,-3.713701231397482,3.8631253313145795,-3.875252000838655,1.963039009097545,-3.9640401038854796,0.0
212,4,-1.1708392857083334,2.4205803623263886,-1.1405406069975155,2.4008989903352127,4.997331029995954,5.004405768147194,8.790792582336115,9.68440917893676,-0.0,-0.0,-0.04742822032519455,-0.01639703588706293,0.0007036407942748774,-0.03151178391480531,0.11880070199404168,-0.004043849523816951,0.28330311662003593,0.09501087417996548,0.472856395639318,0.28342134005033415,0.6684554106411,0.5688611800816619,0.8535596306478567,0.950113433963932,1.0141779562605906,1.4183253461585892,1.1389223550444245,1.9582977959360717,1.2190303390856978,2.5497937368608556,1.2483571267149673,3.1688502450860745,1.2233390658065202,3.789079383972628,1.1429305404568215,4.382944046604425,1.0085171162556605,4.922996186985634,0.8238080880356158,5.3830663358785475,0.594711870749094,5.739394953932059,0.3291978183896535,5.971697936591349,0.03714807323321038,6.0641603871737635,-0.26979705087219613,6.0063545555351,-0.5783968465219457,5.794079545666591,-0.8739681285544433,5.430121980609256,-1.1405406069975155,4.924938241251444,-1.3610074204118512,4.297260141203773,-1.5172689377463744,3.5746269475806844,-1.590368344372689,2.7938475013340267,-1.5606179224142256,2.001396833501463,-1.4077153040273707,1.2537521252353319,-1.110849309333407,0.6176731352520528,-0.6487952718399611,0.17043233786900572,-0.0,0.0,0.515454940595299,0.13099729758124917,0.9766816690850603,0.5064092451678611,1.3784929727232336,1.0977691927341802,1.7169981131108896,1.874344448654339,1.989519972255463,2.8037638088295953,2.19451263175343,3.8526037212925783,2.3314803849362655,4.9869335610852055,2.4008989903352127,6.172820941644944,2.4041397993638256,7.376798348530011,2.3433972336508018,8.566292657621391,2.2216199488764965,9.710019302217582,2.0424459023144586,10.778342991171275,1.8101414399369327,11.743606962739596,1.529544434815437,12.580432795026956,1.2060114402222872,13.265992792057856,0.8453687667179424,13.780256932132456,0.45386735091513153,14.106216308875016,0.038141252870296856,14.230084921127347,-0.39483040244417045,14.141481580588072,-0.8377582378916557,13.833593610092285,-1.2830743968442744,13.303323904187673,-1.7229614837290024,12.551422820060148,-2.149378878594315,11.582606263188753,-2.554086626912343,10.405661230155795,-2.9286670985647754,9.033539972165746,-3.2645446010232164,7.4834438480282675,-3.5530031216759617,5.776897845334264,-3.7852023635182537,3.939816663740987,-3.9521922273693355,2.0025631749304074,-4.044925882686035,0.0
213,4,-1.2089239739444446,2.4664648390208335,-1.167956612573099,2.414735791395452,5.0008600674217645,5.005771323421182,9.07673669006568,9.867986660678916,-0.0,-0.0,-0.042556719170755396,-0.015173681761381765,0.01025686979374721,-0.026671778478709666,0.1327161300487996,0.00667955113366914,0.301118474266403,0.11368927265138187,0.49396485141358326,0.31185890912832404,0.6921145776452714,0.6085241971147803,0.8789104884801694,1.0020668463856073,1.0402722824084187,1.4831809928440016,1.1647568755381827,2.0361781050534193,1.243585549364313,2.6403137556354235,1.270638606565691,3.2711197951084166,1.2424191135584242,3.9017260427801697,1.1579880695188451,4.504156593816725,1.018873973149142,5.050587175196276,0.8289602423651489,5.514551596285081,0.5943542689813386,5.87208715570609,0.3232420597220547,6.102810805994018,0.025732433883689385,6.190919863955381,-0.2863053690847785,6.126113015846848,-0.5994070524340555,5.904429239111332,-0.898678302880983,5.529003993838752,-1.167956612573099,5.010743586763608,-1.3899674250480212,4.36891995040492,-1.5464726075750455,3.6316891940316793,-1.618409710785869,2.83653816686909,-1.5860209160993295,2.0306639324964637,-1.4289709780343745,1.2712914998705633,-1.1264538319041055,0.6259354100505381,-0.6572878511785694,0.17261086185179447,-0.0,0.0,0.5213128782519638,0.13252281448248665,0.9869789282769723,0.5120306342732717,1.3919152279608604,1.1093728280583972,1.7323509335551353,1.8931889592717497,2.0057400062695327,2.8305430001870016,2.210674696904217,3.887514050392993,2.3468008392836937,5.029744210554884,2.414735791395452,6.222944734032466,2.415989670571373,7.433361949384674,2.35289035763971,8.628204726202007,2.2285125954024507,9.776035455868398,2.046611378809342,10.847126648651223,1.811559726862713,11.813785319535928,1.5282908381641411,12.650647357442175,1.202244561361552,13.334944055061793,0.8393180566642765,13.84674292780773,0.4458204831040151,14.169164877548546,0.02843151640735301,14.28857966624132,-0.4058365176158514,14.194781561644152,-0.8496731210615499,13.881146906485137,-1.2955009453498627,13.344775247481193,-1.735504187993867,12.586615544412386,-2.1616542923958035,11.611578864408703,-2.565733170996095,10.428638854494794,-2.939354162490518,9.050921177599953,-3.2739809226663708,7.495782994621842,-3.5609444362657214,5.784883478362819,-3.7914583246249047,3.9442462546048174,-3.9566326110299945,2.0043145814169367,-4.0474860930492,0.0
214,4,-1.2139896742291667,2.4788689149791665,-1.1689009755311373,2.3856627354978985,4.997237167663627,5.005829992053704,9.11477053555655,9.917613662920502,-0.0,-0.0,-0.03816613259698556,-0.01407156460220156,0.018628376343985127,-0.02235041626086303,0.14416249229983635,0.016001212151308265,0.3144076395150872,0.12925074173627701,0.5077023026723158,0.33423648157743935,0.7048927795639499,0.6375878069392809,0.8894381591240802,1.0370068249769733,1.0474788086283562,1.5225934119210414,1.1678688070913434,2.078195439439513,1.242173805969968,2.6827664929140993,1.2646366923081682,3.3117143553565387,1.232114146059,3.9382249051888194,1.1439877088571655,4.5345477614340135,1.0020533151198532,5.0732319097647345,0.8103933880878486,5.528301563474503,0.5752355918705389,5.876364568184539,0.30480218020275646,6.097647672262274,0.009153621221741935,6.176954893959744,-0.2999701661595635,6.104546972840155,-0.6093080270480422,5.876941462989368,-0.9042327269771095,5.497634387945483,-1.1689009755311373,4.977745523175295,-1.3863966675456618,4.336590302182563,-1.538866092773645,3.6021820657774875,-1.6076442313508428,2.8116689054034607,-1.5733715784476274,2.011709709465942,-1.4161012239340587,1.258794227455419,-1.1153961509994093,0.619512042380707,-0.6504169126977624,0.17077530955193443,-0.0,0.0,0.5154003965841294,0.1310361773325334,0.9754856119425593,0.5061737270447315,1.3753933492880055,1.0964852084818946,1.7115216138762372,1.8709306300134645,1.9814447705201943,2.7969665609156444,2.183831293931151,3.8411136621810775,2.318363918635889,4.969483666424109,2.3856627354978985,6.148267149669481,2.3872116417849267,7.344183675496901,2.325288430607134,8.524896064435124,2.2028987023136946,9.65939065788408,2.023713693721295,10.71832551480107,1.7920120493409586,11.674348508804517,1.5126255004900615,12.502387290335705,1.1908883717486702,13.179913049393702,0.8325907981213045,13.687179964664233,0.4439355090624393,14.007442159400869,0.031498015891024744,14.127149907298318,-0.3978099741482785,14.036126746301697,-0.8367741019009564,13.72772906772987,-1.277908046769513,13.198989654653912,-1.7134815521594546,12.450746549116731,-2.1355459718138317,11.487758534068858,-2.535957518173921,10.318808424054927,-2.9063983875047703,8.956795269659091,-3.238395928940123,7.418816495202445,-3.523340016199736,5.726240907681755,-3.752498771815585,3.904773437775417,-3.917032784518209,1.9845124011137554,-4.008007951177732,0.0
215,4,-1.1757972695625,2.4949873056458336,-1.1816724640089298,2.423723806625777,5.000397183687764,5.005671672596487,8.828017680793742,9.98210112755974,-0.0,-0.0,-0.043557565581590706,-0.015501598959379418,0.00987990104625986,-0.027401871551124446,0.13411467652990364,0.0061664676695774405,0.30499550678513243,0.11447465976730421,0.5006153702209237,0.3152717226052854,0.7014795917180222,0.6159499148401171,0.8906406897772737,1.0147860674028952,1.0537975055181725,1.5022414857200717,1.1793573946885283,2.062302207069962,1.2584614937942766,2.6738410970452975,1.28497423395987,3.311983569336977,1.2554393148937557,3.9494595657278255,1.1690052223386904,4.557925764844719,1.0273240460991735,5.109243706970122,0.834427817820108,5.576701525200637,0.5965868383019064,5.936169154111737,0.3221545160857475,6.167179142835269,0.02140311512907698,6.253927436093869,-0.29364546066704245,6.186190623540604,-0.6093901010221259,5.960158129930492,-0.9108188568360897,5.579179578495193,-1.1816724640089298,5.0544290765960085,-1.4046007680607762,4.405489431135407,-1.5613103073874368,3.660860299787942,-1.6327017976069498,2.8583950325044243,-1.5989967010215131,2.045671474098149,-1.439852454384016,1.280302307101481,-1.134466260025557,0.6301906420827155,-0.6616676188006692,0.17373653931592717,-0.0,0.0,0.5243795776013523,0.13331887030349224,0.9924350086298471,0.5149844097588491,1.399142618451953,1.1155219345257328,1.7407941328733827,1.9032775386744443,2.0149067140737738,2.845053263687956,2.220134488188308,3.906697615241264,2.356182498308854,5.053652415781834,2.423723806625777,6.251457394792215,2.4243202840972997,7.466214233105672,2.3603474653963636,8.665012005663762,2.234923710063239,9.816316120809244,2.0518437963023577,10.890322945155535,1.815516979835033,11.85928234197617,1.5309094745757077,12.697790347631514,1.2034912524809316,13.383054173447773,0.8391870145941569,13.895131657262944,0.4443311520368046,14.217147206086137,0.025626492580249106,14.335486174526917,-0.4098933862524015,14.239969517479977,-0.8548985044046968,13.92401044381735,-1.3017937159445037,13.38475468364405,-1.742747062195619,12.623205867475091,-2.1697154629459483,11.644337403411892,-2.5744679594042026,10.457192129489279,-2.948606712855395,9.074970913896866,-3.2835859520349864,7.515111276496521,-3.570729050574973,5.799357011442134,-3.8012439038500974,3.953819703029317,-3.966236762466142,2.009032945262951,-4.056724667713457,0.0
216,4,-1.1575331348402778,2.5221121261875,-1.1613878933121153,2.4405598221808305,4.997930114514286,5.006109170874716,8.69088851029297,10.090623804649567,-0.0,-0.0,-0.05014799226862608,-0.017164113977587315,-0.002745529904133988,-0.033899348205368836,0.11635955460934086,-0.0079701534366374,0.28328725151828876,0.0904186331106659,0.47631605096335783,0.2796543539064988,0.676047995010965,0.5678381896984611,0.8655446715269642,0.9539822048491866,1.0304316067208674,1.4292665755023786,1.1589694810248043,1.9783407647319886,1.242091592535294,2.5806518707094477,1.2734079769682523,3.2117833337830923,1.2491775190257466,3.8447876276297026,1.1682502185997317,4.451497438992201,1.0319824751235998,5.003801103098445,0.8441288023232515,5.474869637374332,0.6107137709820569,5.840324525480611,0.33988819616292976,6.079337364094915,0.04177364366677466,6.17565451411963,-0.27170075786858205,6.118541919030608,-0.5869654280626585,5.903647197284557,-0.8889779160096635,5.533777925511308,-1.1613878933121153,5.019596659699337,-1.386696945534312,4.3802346610571865,-1.546411018506147,3.6438274830173167,-1.6211838479927467,2.8479765292777426,-1.5909501564037578,2.04014141367604,-1.4350478232508836,1.2779684534943927,-1.1323286159204327,0.6295609275001347,-0.6612573969548083,0.17369685214573619,-0.0,0.0,0.5251665056656936,0.1334746490968125,0.9948520094762265,0.5159117465740694,1.4037672432874437,1.118190836876448,1.7479626330542213,1.908885393150956,2.0247407411966787,2.8549107853332214,2.232569092120021,3.9221285136877735,2.3709945028225574,5.075907189316269,2.4405598221808305,6.281641248797063,2.4427237832129345,7.505228791243729,2.379784494492107,8.713510232780315,2.2548069407726827,9.874669696568299,2.0715547286788296,10.958601207098999,1.8344262001359457,11.93724184624647,1.5483949427171675,12.784874065753488,1.218954650518956,13.478399345810779,0.8520682296712784,13.9975853506913,0.4541209971656433,14.325288667552703,0.03187778840924775,14.447655130077328,-0.4075562340627577,14.354299630186462,-0.8567712926774963,14.038467213360281,-1.3080854570421596,13.497177140009855,-1.7535740873341439,12.73135148004718,-2.1850964871925074,11.745929692793542,-2.594319988328761,10.549970531607872,-2.9727416804501634,9.156742503575678,-3.311707989686117,7.583804010342535,-3.602432297133168,5.8530741974369835,-3.836010776876754,3.9908954466644673,-4.003436620298373,2.028088359607134,-4.095612800940139,0.0
217,4,-1.1751957345208333,2.534009090708333,-1.1915119160164713,2.418713725807463,4.998947579923086,5.00673201691974,8.823501288282108,10.138221923761924,-0.0,-0.0,-0.040356444751913106,-0.014680015640681478,0.015751778426184304,-0.024289228695298665,0.14209828250597162,0.01276667466960181,0.3145179752253437,0.12547535016771622,0.5111045194014853,0.3312989558295972,0.7123780518063928,0.6373467839166002,0.9014194720142533,1.041623524693338,1.0639687917938174,1.5343357685630754,1.1884862844548116,2.099238409141285,1.266176421589123,2.7150022930238435,1.2909757654379201,3.356584755008472,1.25950704116321,3.9965855318955037,1.1710024997162432,4.606571889549532,1.0272003686890196,5.158358533666981,0.832218660873192,5.625229900509123,0.592410868279609,5.983094631980189,0.3162081259079937,6.211564325425036,0.013952307487054609,6.294950917009198,-0.30227575540950574,6.223179226464014,-0.6188291253337981,5.9926131942846,-0.9206653427655227,5.606796131307036,-1.1915119160164713,5.0771068431528175,-1.4140244224275744,4.4233347723223675,-1.5699354490335014,3.674178316587037,-1.6401930957692425,2.8676712429970497,-1.6050882162584765,2.0515426402642873,-1.444369970450949,1.2835161626123948,-1.1373496045652516,0.6315544432800043,-0.6629926554391938,0.17405452525378948,-0.0,0.0,0.5249242215692181,0.1334781983535162,0.9930127150816306,0.5154437791833365,1.3993315878197505,1.1161886678459956,1.7402625866958803,1.9038705888808862,2.0134115027025796,2.845147942041658,2.217518201329727,3.905769242670629,2.3523692284591915,5.05111818626568,2.418713725807463,6.246715816953976,2.418183199678441,7.45868159798778,2.3532155217094073,8.654155411948691,2.226983399634984,9.801682671532351,2.043327438408101,10.871564810455705,1.806693815437545,11.836177459217025,1.522076516123972,12.670258602177693,1.1949640150995497,13.351168969677918,0.8312902424094104,13.859126849495247,0.43738964021114246,14.177419412679322,0.01995609244542421,14.29259254540354,-0.4139945044497668,14.194621065776447,-0.8571582689565391,13.877061086513416,-1.301974200734358,13.33718616418777,-1.7406521234753003,12.576108755999993,-2.165197935735494,11.598888387596489,-2.5674363922009817,10.41462782192105,-2.939031627127212,9.036558410471416,-3.271505619781891,7.482115705402457,-3.5562547891142975,5.773006314134362,-3.7845648919628974,3.9352668877346426,-3.9476243862046267,1.999316050419496,-4.036536407578909,0.0
218,4,-1.2047928066944444,2.542595201069444,-1.188197127034062,2.415328887301776,4.996262990317766,5.004392766888427,9.045719423340024,10.17257377065231,-0.0,-0.0,-0.03764135608343599,-0.013956038578979741,0.020110366144644454,-0.0217531186663988,0.14709652593048875,0.017681622915810595,0.3192752412371738,0.13286270306207823,0.5149044024507209,0.3408516259215377,0.7146941854380053,0.6484462327161835,0.901926354380586,1.053438096360415,1.062538719407098,1.5459209015362105,1.18517420340575,2.10963220621639,1.2611950250099682,2.723310973517188,1.2846634744311693,3.362053762999237,1.2522916073164636,3.9986534267212397,1.163362880631924,4.604905499336605,1.0196292858710008,5.152869123557348,0.8251878915231358,5.6160712264087005,0.5863408915320006,5.9706446708456085,0.3114432808433642,6.19639316810884,0.010742161301156026,6.277777772763253,-0.3037885559209297,6.2048217291679855,-0.6186146157684365,5.9739322419154774,-0.9188060146896255,5.588639363405441,-1.188197127034062,5.060253602151033,-1.409540220477876,4.408445040936069,-1.5646506729289387,3.661747710844217,-1.6345426385707373,2.8579937010536307,-1.5995543137903883,2.0446820081334645,-1.4394623156186679,1.2792874608772218,-1.133585000415328,0.6295152195949578,-0.6608748163676852,0.17350636639196787,-0.0,0.0,0.5234001530108406,0.1330835000465914,0.9903011936725963,0.5139759186670206,1.3957743978154498,1.1131394980270632,1.7361912010388907,1.8989008513457415,2.0091349004946313,2.83807893377311,2.2133137057929155,3.896569159108739,2.3484760513143255,5.039884573526545,2.415328887301776,6.233655404052383,2.415459492801675,7.444088613774195,2.351261200388741,8.63838932813328,2.2258632903865374,9.785146157699662,2.043065200108431,10.854682542833816,1.8072751001793677,11.819376294284455,1.523452813665445,12.653949510041025,1.1970569927897452,13.33573102078205,0.8339964206491934,13.844893461280307,0.44058526978989915,14.164666989488305,0.02350212404531553,14.281531584205554,-0.4102474468952232,14.18538975087437,-0.853364980591789,13.869721357049727,-1.2982901071456816,13.331722207645429,-1.7372286506856405,12.572427857757525,-2.1621780669385338,11.596824049760716,-2.5649504299021273,10.41394505304699,-2.937193171737829,9.03696108042172,-3.27040776968096,7.4832558556450115,-3.5559665625262338,5.774495312488355,-3.78512786749257,3.936688317322177,-3.9490495563288914,2.00024022483116,-4.038801237645625,0.0
219,4,-1.2122497252222222,2.5551892833541667,-1.2084732579715376,2.441077324086448,4.998702036833599,5.006804048539778,9.101706803402536,10.222960962078266,-0.0,-0.0,-0.032608800493558646,-0.01262857970281913,0.028759844952963194,-0.016955857818075053,0.1583707072400402,0.027493807539111507,0.3324947808259399,0.14882148636773582,0.5296015294272542,0.36380588158229604,0.7305242246714594,0.6790451040319804,0.9185946703652881,1.0921735972671442,1.0797446291522224,1.5931381891456202,1.2025723778728792,2.165516180838477,1.278373952353663,2.787857880778427,1.3011397425123565,3.435036049095366,1.267518111207897,4.079585306314846,1.1767485910155053,4.693015623261873,1.0305679295095276,5.247085472663248,0.8330927858711342,5.7150219992073445,0.5906832226277613,6.072677559432055,0.3117912906890815,6.299614100846226,0.006798988047566749,6.380109001085646,-0.31215029542250544,6.304078091826322,-0.6313230256844458,6.067913580156683,-0.9355660280262882,5.675236397916454,-1.2084732579715376,5.13756411783456,-1.4325463352242347,4.474896949410049,-1.589346830510561,3.716225456063497,-1.65963877836782,2.8999645185089964,-1.6235203440598183,2.0743187175250055,-1.460543987318024,1.2975847396867197,-1.1498248312067216,0.6383966447137315,-0.6701372565743098,0.17591989862119023,-0.0,0.0,0.530410479497318,0.13488020077639815,1.0032393067790375,0.5208056701752722,1.413527433752157,1.1276886911910773,1.7576417084573681,1.9232972651334392,2.033184508421483,2.873895454702857,2.238904300308297,3.944838726101217,2.374608191854262,5.101125029318487,2.441077324086448,6.307902833393165,2.439985755027857,7.530937707325506,2.3738233117873526,8.737039318399486,2.2458227363320664,9.894450919278984,2.05989132075917,10.973203524621697,1.8205471193395046,11.945437047884871,1.5328597354146014,12.785690689565655,1.2023956095652575,13.471164848553604,0.8351676793915299,13.981956776853906,0.43758923879069966,14.301272121969307,0.01643179388612678,14.41561440703843,-0.42121330805284235,14.314954391824108,-0.8679697129105626,13.992881142365698,-1.3162075992434137,13.44673651730451,-1.7580721653739002,12.677734657601405,-2.1855093025102947,11.691067946008372,-2.5902886851721325,10.496000785106517,-2.9640245006227284,9.105952429392637,-3.2981940277349344,7.538569998807551,-3.5841542633347747,5.815792698946058,-3.8131567810585434,3.9639081774010743,-3.9763609945052543,2.0136018564865306,-4.0648459832683965,0.0
220,4,-1.1992492899305556,2.5468737714375,-1.1885274152009575,2.4326081845346477,5.000306120521749,5.00588234188411,9.004098078170887,10.189691742354476,-0.0,-0.0,-0.026452218228379062,-0.010890048232417779,0.03679605343881475,-0.01151208179855027,0.1650177649004065,0.03672395658685559,0.335455452166337,0.16052982378115893,0.5274828707724994,0.3757650693753168,0.7227437731895336,0.6885383492696752,0.9052653290141408,1.096371879011924,1.06154437059662,1.5894158644673413,1.1806053676493298,2.151699017994827,1.2540297638603017,2.7624009026682383,1.275957019358051,3.3971318426177017,1.2430583701854145,4.029206478605823,1.1544849182677634,4.630897707217601,1.0117921853439162,5.17465868251452,0.8188436891945937,5.6343017361204275,0.5816964222796193,5.986124435716179,0.3084713283658195,6.20997450027922,0.009211983166378786,6.290246870099274,-0.3042653042809708,6.216807839285981,-0.6185268330851952,5.98584275034166,-0.9186793183517165,5.600625281645389,-1.1885274152009575,5.072207792832853,-1.4107284869055952,4.420033500476172,-1.5669424603701112,3.672472414914513,-1.6379749501031708,2.867283963645541,-1.6039121788602775,2.0520100494691613,-1.444246567082609,1.284302941138821,-1.137992193661408,0.6321928748541181,-0.663789638871002,0.17430056551349027,-0.0,0.0,0.5261869154222901,0.13377291698504093,0.9959705253482177,0.5167786488556287,1.4042664628247592,1.1194882195675073,1.747300026112146,1.910161222376986,2.0225252620114063,2.8554804859806495,2.228543179028771,3.9211460128597553,2.3650202491810197,5.072428051710272,2.4326081845346477,6.274679701908958,2.4328658075909644,7.493809898949747,2.368183676811271,8.696717999445134,2.2417119824498464,9.851691477874109,2.057292095134224,10.928768471076099,1.8193920312844474,11.900067067512259,1.5330459958623823,12.740083343845741,1.2037980739499246,13.425960208790377,0.8376500677336288,13.937729130625113,0.44101341378748843,14.258526807108126,0.020665066051306465,14.374788791112307,-0.41629280857494144,14.276422017950203,-0.8624695037985514,13.956958096260207,-1.3102190186101927,13.41368912806563,-1.7516700878742066,12.647787719149813,-2.1787532203438738,11.664412731578176,-2.583224967237882,10.472802218846027,-2.9566896420358066,9.086354873029984,-3.2906187064404695,7.522701204301944,-3.576368029278632,5.803765567646351,-3.805193215130325,3.955820050668228,-3.968263188253371,2.0095311407490817,-4.056672205373234,0.0
221,4,-1.2230920840833333,2.5785482160902777,-1.2036362679301134,2.4480901477145185,4.998292277332305,5.006641535546987,9.183112448920845,10.316416839900205,-0.0,-0.0,-0.031631669501242764,-0.012334618805626826,0.029685762934065787,-0.01615004009839299,0.1585340764756441,0.02859526826766241,0.33147664228363055,0.14972103695281824,0.5272413059867209,0.36386267268891437,0.7268782740981468,0.6775940848711524,0.9138896517978531,1.0886224901138635,1.074328167553885,1.5870403654749081,1.1968635789701112,2.1566187265741394,1.2728162355152868,2.776125399415245,1.296158230305215,3.420651933640763,1.2634834622750102,4.062933246936859,1.1739487162579458,4.67464495244182,1.0291885246876722,5.227664544674922,0.8332070833426065,5.695284134920154,0.5922508467402663,6.053364158031878,0.314665627294042,6.281419341381266,0.010742074644782976,6.363630157621601,-0.30744666773692536,6.2897749064430855,-0.6262115235284547,6.056079425304675,-0.9304149398737831,5.665983164296441,-1.2036362679301134,5.130821935991592,-1.428332493424109,4.470429038934502,-1.5859921646328359,3.7136576357318405,-1.6572807927880426,2.898828236002005,-1.6221764174295648,2.074105891844425,-1.460094423759352,1.297812267409326,-1.1500010607466877,0.6386781086658121,-0.6705154307826066,0.17604183282218774,-0.0,0.0,0.5310814102395794,0.13503598234535782,1.0048168919593599,0.521515871484274,1.4161478460127481,1.1294447148925248,1.7613483846221647,1.9266350631637594,2.0379379458346545,2.879351504178109,2.2445939519784814,3.952911463282729,2.38106565993051,5.112242587159405,2.4480901477145185,6.322397551612963,2.4473111928328404,7.549027557844498,2.381201625253938,8.75881611562421,2.2529895835669222,9.919874963866723,2.0665889670381152,11.002104158644459,1.826534259040051,11.977518474965143,1.5379197979091914,12.820542330796693,1.2063434886725337,13.5082754585231,0.8378548819426971,14.020731528334762,0.4389074931306318,14.341051877368544,0.016315194400920635,14.455696424321422,-0.42278751807520104,14.354613757586593,-0.8709815995586149,14.031392280744866,-1.3205961055287294,13.483394186783151,-1.7637376506008233,12.711873915305993,-2.192316915161784,11.722082628215409,-2.598072433876801,10.523360121243067,-2.972591893496965,9.12921547320479,-3.307331158209654,7.557397623341804,-3.5936312298193145,5.8299569606704,-3.8227333379123904,3.9732989086129664,-3.985792342329789,2.018230393793862,-4.073888617135253,0.0
222,4,-1.2524751805486112,2.506754709611111,-1.2099433246529316,2.4488784350472708,4.998128456082386,5.006158592834058,9.40372403037864,10.029180892705014,-0.0,-0.0,-0.030009105597880992,-0.01193988921599047,0.033061270578018914,-0.014506050121471279,0.16356478353951837,0.03234890667917753,0.3378918610656463,0.15635032000998156,0.5346510537855398,0.37396625321314414,0.7348234012026966,0.6915563399666678,0.9218868446414765,1.106590430062079,1.0819086308245491,1.608921505193926,1.2036046091076056,2.1820965454718078,1.2783652874915195,2.8046887201854127,1.3002494353929517,3.4516344420908593,1.2659468670134328,4.095559433861042,1.174712776493113,4.708078961679485,1.028276601078708,5.2610587337082,0.8307288460356869,5.727824569999256,0.5883896084810867,6.084310749588352,0.30966268848884354,6.310138853097122,0.00487918384968174,6.389620871043215,-0.31386565512278586,6.312682271205564,-0.632878762820717,6.075702553540013,-0.937035554362919,5.682272519538407,-1.2099433246529316,5.143869007302386,-1.4340993119692558,4.480449168361657,-1.591041423103373,3.720967472982113,-1.6614900518330316,2.903819523119845,-1.6254798405989814,2.077217430779812,-1.462480624084934,1.299501995961113,-1.1515071438540156,0.6393972096623728,-0.6712174294009389,0.17621273436690316,-0.0,0.0,0.531434224307721,0.13513307113290765,1.0053460461253585,0.5218393337578284,1.4167433442681239,1.130052690167984,1.7619550771737742,1.9275448984067651,2.0385436436556486,2.8805642055493506,2.245217765069805,3.954430242903567,2.381746954376312,5.114085718961307,2.4488784350472708,6.324605927391517,2.4482571871262224,7.5516674716788055,2.382349630859479,8.761977904136446,2.254371311046891,9.923668194591423,2.0682188176152594,11.006650092892821,1.8284060692813986,11.982940539215031,1.5400049964598022,12.826955316163085,1.2085905853835353,13.515774135561871,0.8401901861595049,14.029379318395566,0.4412369414967979,14.350870165710978,0.01852715844746387,14.466655037619871,-0.4208185789477624,14.366623062211847,-0.8693907742484861,14.044297290807107,-1.3195230876128814,13.496971004386149,-1.7633213396979497,12.72582876140347,-2.192689679694694,11.736053662091775,-2.5993541418881225,10.536922190827124,-2.974883807563802,9.141887887725103,-3.310709779517841,7.5686549945490285,-3.598142165476114,5.839243119073668,-3.8283852548950668,3.980043866826226,-3.992551061309903,2.0218702999542186,-4.081671389943537,0.0
223,4,-1.2516181410694445,2.4617884142847224,-1.1943755560065776,2.451300495872991,4.998469091244715,5.0067866216587715,9.39728928191385,9.849276928358575,-0.0,-0.0,-0.028902252233073928,-0.011535904666115485,0.03275218794746661,-0.01381891374463969,0.16029253156668638,0.0321867578799211,0.3309376145372447,0.15364626162273423,0.5239700568126165,0.36684326656279326,0.7208894043879706,0.6782510861237017,0.9055409582922598,1.08567442147658,1.0642176731271213,1.5794488804947704,1.185733271630378,2.1436843104930974,1.2614655362942777,2.7575372585050895,1.285369567998015,3.3964975607527355,1.2539616094632142,4.033674161492658,1.1662747854262137,4.641065751716426,1.023788783495737,5.1908026660823285,0.8303360671865182,5.656347635062896,0.5919876595676582,6.013644402041922,0.31692185319762384,6.242204819126922,0.015279387188760315,6.326126765036892,-0.30099131067923324,6.25503701829449,-0.6182952804216011,6.024955007206973,-0.9215552147477222,5.639075088773324,-1.1943755560065776,5.108466633544632,-1.4192037108759463,4.452692673571498,-1.577485958984619,3.7003491767028964,-1.649816030973342,2.8895281233843595,-1.616074741370169,2.0682084719667415,-1.4555594658612248,1.2945798042563388,-1.1471026374289512,0.6373039509716723,-0.6691787906159432,0.17572021939955873,-0.0,0.0,0.5305088010909991,0.1348707526002302,1.0041482872373666,0.521022704881193,1.4157534729951617,1.1286725659006023,1.7614953826101538,1.9257920079403226,2.0387972338635563,2.878754786701953,2.246249660779987,3.9529416555978485,2.3835262539612034,5.113302921763777,2.451300495872991,6.32487908019021,2.4511649754607525,7.553280452347395,2.38555358604034,8.76512715217081,2.257667245309228,9.92845101228923,2.071403528268447,11.013061335053472,1.8312904736366293,11.99087649501685,1.5424247120225545,12.836223520992267,1.210413969163905,13.526107835498681,0.8413239189646984,14.040455335761576,0.44162929759913755,14.362328971332264,0.018169140136418373,14.478121916034068,-0.42189403657023183,14.377729352771789,-0.8711113081616999,14.05470079441171,-1.3217808958116308,13.506374757338655,-1.7659784302086483,12.733997490565585,-2.195584163012687,11.742827345858814,-2.602307361623381,10.542226256062932,-2.977708118432991,9.145739671912052,-3.3132167980290896,7.571166193845318,-3.6001513358624138,5.840618026020817,-3.8297325903788075,3.980573275791272,-3.9930979380917995,2.0219210240036785,-4.081313288004152,0.0
224,4,-1.2651297168055555,2.4463704179027776,-1.2140469244072434,2.4662211979098556,4.999807782816312,5.007568328134354,9.498735706889947,9.78759164494224,-0.0,-0.0,-0.028158134035510374,-0.011407066007473607,0.0354163072778863,-0.0128788251333373,0.16566278957093275,0.03511065324695661,0.3394257139988501,0.16002506843328154,0.535641346728095,0.3782659323630088,0.7355023375025108,0.6962606519116373,0.9225959499358072,1.1116264442962893,1.0830129300666322,1.6143961367623185,1.2054248620540582,2.1882905916332493,1.2811288517787365,2.8120216683890296,1.3040593887843785,3.460609307575605,1.270768213743947,4.106696493132475,1.180373916434955,4.721846491924296,1.03448376966445,5.277807832435623,0.837090939025271,5.747733902458789,0.5944506789397938,6.107345740243191,0.3149394252384752,6.336028480871315,0.00890082678782142,6.417853914607618,-0.3115172645822722,6.342523635540122,-0.6325309865786366,6.106229233699352,-0.9388902552690113,5.712427849368065,-1.2140469244072434,5.172533114348107,-1.4403185101490923,4.5065230146552375,-1.5990451315875212,3.743467498727602,-1.670737784667546,2.921979713276149,-1.6352165257970857,2.0905955747197815,-1.4717375756670656,1.3080869861324076,-1.1591087511992815,0.6437144032849014,-0.675792985765437,0.17742465934032117,-0.0,0.0,0.535213314648573,0.13608863749704334,1.0125881829396592,0.5255656274208115,1.4270326300083476,1.1381809509418646,1.7747983630586246,1.9414781616063523,2.053392900545221,2.9014442945300414,2.2614915287059234,3.9831157409722406,2.398850316290428,5.1511403191384355,2.4662211979098556,6.370296331798392,2.4652699317961693,7.605969854632166,2.398497551760193,8.82459185479273,2.2691657673520007,9.9940370067614,2.0812266212057224,11.083986262453616,1.839256588027931,12.066255355053023,1.548395194790773,12.915091481263884,1.214288155112929,13.607440424075751,0.8430349409686414,14.123186356503503,0.4411406600183049,14.445366514036643,0.015472065208398025,14.560362846754463,-0.42678250693071407,14.458072667392756,-0.8781494933521121,14.132060204367786,-1.330902993336457,13.579690853336574,-1.7770944311771646,12.802249801002876,-2.2085792350236595,11.80504657358252,-2.617040770194982,10.597506942029392,-2.9940117580038184,9.193253498667097,-3.3308934014383227,7.610176106690268,-3.6189724276476207,5.8704933161173685,-3.8494362446584525,4.00080573789835,-4.013386396596689,2.032142272437254,-4.10185048828606,0.0
225,4,-1.2837831212083333,2.433133855479167,-1.2267408830240822,2.4536241515648163,5.000086471385726,5.006345948171221,9.638787557780867,9.734633978827166,-0.0,-0.0,-0.02065697146371132,-0.009461776768830744,0.04870451095437233,-0.005663791432889603,0.18300461643540228,0.05005484466654569,0.3591399672686532,0.18430138445310593,0.5561610052072093,0.4126629226662189,0.7554256085013947,0.7408227757003994,0.9407255769210898,1.1657470116855975,1.098383420654729,1.6769268875096965,1.2173177947387193,2.25766189117771,1.2890768676052593,2.886367494727223,1.3078398538023936,3.5378916037560892,1.2703878329622196,4.184824030564208,1.17604578119038,4.79878408434405,1.0265984263995938,5.351672511752953,0.8261830839089882,5.8168754693459,0.5811630206254303,6.170409892004167,0.2999851323588202,6.392001461147803,-0.006974195253210171,6.466088296328163,-0.3275712236591497,6.382745421459689,-0.648061349555243,6.138526927813035,-0.9532665683385549,5.737224515164188,-1.2267408830240822,5.190542696594305,-1.4509310270012437,4.5186923694895755,-1.607330296935225,3.7509056649177155,-1.676623729520216,2.925875980062127,-1.6388232852009248,2.0921278735331854,-1.473392109129624,1.3083220688497914,-1.159357313589203,0.6435011811929066,-0.6754110592209853,0.17728197531966486,-0.0,0.0,0.5342229272174991,0.13586401831366585,1.0101476508789167,0.5244987242880643,1.4228530022910533,1.1354677516763905,1.768741645394002,1.9362087404221116,2.045452515245236,2.8926733869345793,2.2517733247140743,3.969923677518463,2.387554306807349,5.1326846398555706,2.4536241515648163,6.345854478502397,2.4517089023415215,7.5749733906412535,2.38435439925086,8.786652695718193,2.254852699163106,9.948966166095168,2.0671727625883864,11.031805624967568,1.8258955779151262,12.007202992207983,1.5361537921407364,12.84962101794809,1.2035758333125202,13.536214956600276,0.8342344419982669,14.047067409020014,0.43459947565863205,14.365398505239002,0.011494809149369166,14.477753521475936,-0.42794087491364985,14.374169928941187,-0.8762896321438681,14.048325763465108,-1.3258863768641587,13.497671088587142,-1.7688478204981928,12.723544204104199,-2.197098471206463,11.73127413018926,-2.6023939337641266,10.530270776452888,-2.9763417410737003,9.13410408760508,-3.310419938677967,7.560573344100373,-3.5959936319025974,5.831767688342501,-3.824329692410271,3.9741188453865375,-3.986609807478186,2.018446912036177,-4.073942041612427,0.0
226,4,-1.2756478389236112,2.418333767152778,-1.2144918035487855,2.4735932662977667,4.997685584183079,5.0064108604454445,9.577706946601614,9.675420860573409,-0.0,-0.0,-0.0247595230681704,-0.010495385915234762,0.04083250016990692,-0.009710485481942427,0.1719405290646632,0.04124580416261817,0.3456428283178949,0.16931745505519724,0.541109053247278,0.3905034544035592,0.7397556292867986,0.7109433447391588,0.9253755931719041,1.1280741933231395,1.084240309744244,1.6318455420132876,1.2051713072102044,2.205977800378164,1.2795813449468763,2.829248883162907,1.301484701019258,3.4767936692764008,1.2674775030082002,4.121401064437948,1.1766896914447043,4.7347940564285755,1.0307108720633098,5.288879117877203,0.8334928603834757,5.756952581759355,0.5912321366835421,6.114853125881303,0.312235705801959,6.342051186520947,0.006773996079750214,6.422667909149791,-0.3130755569378768,6.346418069264114,-0.6335907007373331,6.109473197577013,-0.9395689919633006,5.7152428673994455,-1.2144918035487855,5.175073703185644,-1.4406850009121699,4.508867112993735,-1.5994739580087203,3.745618009150632,-1.671330987570079,2.9238778456245473,-1.6360136671151055,2.0921461614566805,-1.472692938523548,1.3091954790274714,-1.1600702320802754,0.6443348725819261,-0.6764832066924671,0.17761781028407952,-0.0,0.0,0.5359755853717169,0.13627299483688224,1.0142453950279635,0.526350067620352,1.4296788582731474,1.140038235345674,1.778482573631596,1.944917007937631,2.0581158545610934,2.9069859172038637,2.2672055672424807,3.9912695859688476,2.4054614952343423,5.162380300585188,2.4735932662977667,6.385038617217082,2.473229687146263,7.624553002060311,2.4068411557332934,8.847259883889587,2.2776656602969507,10.020925791340337,2.089638731100748,11.11511346539209,1.8473275851802762,12.101513988344959,1.5558695963032678,12.954247062990193,1.220915131134484,13.650131618290304,0.8485747172485758,14.168928918907246,0.44537044787596347,14.493560322969772,0.018191480665465738,14.610301772496609,-0.42574654820291385,14.508957020092511,-0.8789383990320125,14.183011499356551,-1.333622614361281,13.629768639588185,-1.7818116469179262,12.850470311832199,-2.2153189650525005,11.850402976392168,-2.625783369914335,10.638990984376079,-3.0046907537546526,9.229878369786755,-3.3433935209379544,7.6410003558222845,-3.633127883265874,5.894645690679382,-3.8650292297249007,4.017510825172702,-4.0301457583041485,2.0407468475132466,-4.119450544537349,0.0
227,4,-1.2857159417222224,2.4045294010069447,-1.2292048593819027,2.469295201797373,4.999447293289494,5.006281369054789,9.65329939082566,9.620191489843643,-0.0,-0.0,-0.025048001530882807,-0.010629999785937093,0.04156515499783155,-0.009780644655776032,0.17462052390467933,0.04199817639962027,0.3508195027754319,0.1720187252034332,0.5489767223638655,0.3964646856756364,0.7501895735973508,0.721491228067034,0.9379802224630841,1.1444031146905993,1.09840683181215,1.6548962314572973,1.2201417126737422,2.236346535396111,1.2945152112891065,2.867129538423618,1.3155252425582704,3.5219531272256823,1.2798134475154288,4.1731867439200165,1.1866099286025715,4.7921706897995815,1.037649357617216,5.350490508022058,0.8370619245684444,5.821202974390306,0.5912430815674162,6.180002089005103,0.3087063277179801,6.40631551965103,-7.661566919976194e-05,6.484324104191256,-0.3228439594712227,6.403899183342736,-0.6457162688354757,6.161454626331636,-0.9533694292012355,5.760712362703553,-1.2292048593819027,5.213381991754269,-1.4555141590353324,4.53975657018933,-1.613635889989675,3.7692279575146057,-1.6841027050091901,2.9407261199939057,-1.6467775321156934,2.1030875623828096,-1.4809779808052002,1.3153585862376251,-1.1655885465591518,0.6470393857218577,-0.6791605446409986,0.17827511257683773,-0.0,0.0,0.5373259461229266,0.136648070510496,1.0161165430720418,0.5275621048457148,1.4313869973159299,1.1421704720192905,1.7794935997193502,1.9477481798343315,2.0580431613147456,2.910064786088415,2.2658028845985836,3.9939870815272305,2.4026118674623618,5.164037071769196,2.469295201797373,6.384906324413769,2.467581414460491,7.621928174057133,2.400023806862155,8.8415096029436,2.269926081807991,10.011524850209401,2.081272502218341,11.101672960020165,1.8386627050127324,12.083801569964255,1.5472511932800963,12.93219927682064,1.2126914490107406,13.62385890740578,0.841084545101629,14.138713976774508,0.4389320869554387,14.459850542719508,0.013093278696953255,14.573696571346913,-0.4292541151559614,14.470190819547048,-0.8806491566475639,14.142933121518745,-1.3333797213701488,13.589317842350376,-1.7795113381066279,12.810652135427414,-2.2109131301822185,11.812260514841894,-2.619281100336825,10.603577131131381,-2.996158990979573,9.198227020161935,-3.332956939829587,7.61409748193846,-3.620968137843836,5.873400639359491,-3.851383682520801,4.002728126916699,-4.015305805575659,2.0330987663138407,-4.103759639943652,0.0
228,4,-1.2417359807569444,2.3969931569444447,-1.1977542975469224,2.4864630275924853,5.000270404255696,5.006488255275889,9.323092914715572,9.590040013648307,-0.0,-0.0,-0.034592788349884315,-0.01303801319208009,0.02327554252778147,-0.01919152262981572,0.1488704409884468,0.02151524756820206,0.31926342298389687,0.1371341786353476,0.5135194387532515,0.34474381553160005,0.7128656395680613,0.6514891405355797,0.9008374233178281,1.0557002104926034,1.0633982345444222,1.5480773877311815,1.1890303453566997,2.1129293144197163,1.268794713101395,2.7294486066219257,1.2963589554420623,3.3730095262807804,1.2679934555410013,4.0164716525925,1.182536560093895,4.6314738200167485,1.0413307142427703,5.189703295638282,0.8481321489287985,5.6641262888136374,0.6089973656519423,6.030167357632583,0.3321501289308644,6.266827022684789,0.02783296736438845,6.357728833772602,-0.2918526993945383,6.292089171872013,-0.6131137376132424,6.0656051219835465,-0.9206359020865326,5.681257745171926,-1.1977542975469224,5.15002994378809,-1.4266205345990253,4.49153979981811,-1.588363879708365,3.7345917344271435,-1.6632441949589443,2.9176490637319974,-1.6307949656145087,2.0892325021550913,-1.469955199611305,1.308249893088997,-1.159189435205762,0.6442629397899491,-0.6765954981752343,0.17769698785247579,-0.0,0.0,0.5368606371120302,0.13646697129041369,1.0165592789406017,0.5273255766198701,1.433762543117625,1.1426027612357592,1.7845034432056142,1.9500039486466982,2.0660947668517546,2.915574651630964,2.277041579080475,4.004318490888497,2.416954232640278,5.18077153961107,2.4864630275924853,6.4095335427614355,2.48713543753814,7.655757074024142,2.4213966142304115,8.885596099814947,2.2924536983228143,10.066615728675208,2.104224302769993,11.168165146988612,1.8612693969345375,12.161715889662926,1.5687307029386837,13.021167678428982,1.2322726198255065,13.723124091363944,0.858028613873814,14.247140314982358,0.4525519529483337,14.575945183639666,0.022770616989688533,14.695639637920689,-0.4240538163913249,14.595873640968017,-0.8803635347065064,14.270003485167004,-1.3383383388432244,13.715231306129057,-1.7899262201976476,12.932728500521758,-2.226870910674808,11.927744622229465,-2.640736645596605,10.709703210157645,-3.0229303721892107,9.292285882693102,-3.3647216264464115,7.69350591987851,-3.657260289549322,5.935772445806497,-3.891592422291663,4.045946221296249,-4.05867436261776,2.0553879610100028,-4.149385257826825,0.0
229,4,-1.2106180306944445,2.392227143006944,-1.2119270235346515,2.4522534094229633,5.0008625868032865,5.007258853910289,9.089455858011044,9.570971847252498,-0.0,-0.0,-0.015757462858145166,-0.008080906803261595,0.05517343207792324,-0.0013191289160294154,0.18851762608649625,0.05748401788866674,0.36192818463395493,0.19386460401046757,0.555147302163725,0.42270123185004727,0.7501457602358995,0.7492954245372733,0.9312381017839387,1.1705157732181364,1.0851714622179243,1.6759931565308495,1.2011867294006087,2.2493534975544995,1.2710514562043573,2.869474047278775,1.2890646894549942,3.5117490816399033,1.2520345783921405,4.149351158158029,1.1592302593268458,4.754474671359672,1.0123100611207432,5.299549335401552,0.8152285242919467,5.758412361044169,0.5741250665971002,6.10742943014303,0.2971973569956851,6.326556049129476,-0.0054374198906402245,6.400332428389806,-0.3218902089573589,6.318806634032901,-0.6386535144579837,6.07838234336669,-0.9407576447271836,5.682589062157193,-1.2119270235346515,5.142774093710125,-1.4347340928770766,4.478716857511352,-1.5907486417230927,3.719167316553998,-1.6606807272467095,2.902311272860602,-1.6245156961422624,2.0761661222946177,-1.4616401518805475,1.298911321051438,-1.1509580391321996,0.6391583112240333,-0.6709963208144053,0.17616499014085327,-0.0,0.0,0.5314565986784325,0.13512972212217295,1.0055963080212615,0.5218961038928281,1.4173942696230222,1.130328488214149,1.7631304566550225,1.9282732696324583,2.0403101794933876,2.8820265077517195,2.2475835175405696,3.956926473005425,2.384664840025536,5.117905885683341,2.4522534094229633,6.330004148080716,2.451955897205171,7.558840325181535,2.3862114863000574,8.771048004893112,2.258220090375168,9.934673469469061,2.071874088614795,11.019538841395283,1.831693857018802,11.99757203634875,1.5427672738484983,12.84310546990761,1.2106932876035523,13.53314553061021,0.8415295603712148,14.047614856710284,0.4417441367847822,14.369569444224803,0.018171038191994313,14.485392575854009,-0.4220303581395925,14.384967499781698,-0.8714123250415282,14.061830709376549,-1.3222723685479778,13.513307583956246,-1.7666835942279848,12.740632050993515,-2.19652207098044,11.749051824813758,-2.60349140946662,10.547920668787173,-2.979144771103221,9.150779019588168,-3.314904518951698,7.5754242051575575,-3.602079714674898,5.843971384033557,-3.831881656646978,3.9829062338355303,-3.995437643860231,2.023130321706244,-4.0838031389456235,0.0
230,4,-1.1890198112430557,2.4098795784722222,-1.2214149085594357,2.4495991094308343,5.003281079719382,5.006428824919673,8.927294005686392,9.641596814186553,-0.0,-0.0,-0.012676712298946808,-0.007266986313296298,0.06040850657319761,0.0016074269850952666,0.19520198957083704,0.06341574405114694,0.3695359669724308,0.2033881224201466,0.5632882693911534,0.436175933836194,0.7585238074306839,0.7669107644717857,0.9396145898142747,1.1923289149504632,1.0933355483704492,1.7019499627673067,1.2089340624216287,2.279296735549608,1.2781717895168123,2.903143165371833,1.2953381805790452,3.548775988984913,1.2572358482071275,4.189256145506489,1.1631387289462853,4.7966660020621035,1.0147246975644229,5.343329190571419,0.8159849219178028,5.802990829723785,0.5731127655516619,6.151947185212291,0.2943754343552381,6.3701153278034655,-0.010028185481077038,6.4420350155432295,-0.328119938709565,6.357796783767906,-0.6463015211993758,6.113892006769702,-0.9495169059321118,5.713982435374154,-1.2214149085594357,5.169588360756816,-1.4445090416083313,4.500696061926756,-1.6003321778427548,3.736286528774215,-1.6695839486855877,2.9147885919480916,-1.632269222434956,2.084460523331626,-1.4678264212309156,1.303704894433271,-1.1552448303811924,0.6413220007854473,-0.6731704171298848,0.17670749127456117,-0.0,0.0,0.5326858237506562,0.13546324019191558,1.0074545328822786,0.5230252103333614,1.4193476307869524,1.1324311911338534,1.7647227359325908,1.9312796570858715,2.041170691511085,2.8856596839709847,2.2474316462166555,3.9607465957476053,2.3833114005079326,5.1213556685459265,2.4495991094308343,6.332454305617214,2.4479872380392704,7.559633593420913,2.3809944828858205,8.76954055082042,2.251892205888792,9.930272697615784,2.064634776901344,11.011736803560227,1.8237940893447184,11.985973843421483,1.5344983993855152,12.827452286613749,1.2023755428039513,13.513331900368485,0.833500503945143,14.023700251881452,0.43434724669439373,14.341784065348058,0.011744666808490966,14.454137531572748,-0.42716351338647995,14.350809587444486,-0.8749551145275248,14.025492085760295,-1.3239623590011649,13.475650667621544,-1.766301454709136,12.702640034148097,-2.1938991438602495,11.71180519507256,-2.598516455997961,10.512570151771783,-2.971769899563708,9.118515353766263,-3.30515031826609,7.54744515246391,-3.590039628194858,5.821446365291647,-3.8177256396814974,3.966938958319218,-3.97941515494409,2.014719756687577,-4.066245519038263,0.0
231,4,-1.18052305775,2.393141635625,-1.2111315532854794,2.443482564795821,5.001128766389028,5.006683498296482,8.863499428162028,9.574630606466696,-0.0,-0.0,-0.007856558432838074,-0.0059652182137552995,0.06783681394148074,0.006058565584675806,0.20328369919111072,0.071819728643815,0.3766269570162534,0.21564672134268847,0.5680959222285267,0.4514553292243859,0.760132521953099,0.7838243694905129,0.9374940736724315,1.2091286967623245,1.087331157423734,1.7167174296723342,1.1992396174675037,2.2901246713700467,1.2652864120494103,2.908299691027291,1.280009668143687,3.5468435538561254,1.2403938884588688,4.179239515609242,1.1458217820944065,4.778065105281617,0.9980046345599869,5.31617467004646,0.8008934889130158,5.767842207116123,0.560573673795816,6.109855512956511,0.2851453866772941,6.322553995056824,-0.01540687428437399,6.390803870403615,-0.3293532317352909,6.304905875848796,-0.64336297290843,6.061432000609048,-0.9426521128959613,5.663989086931201,-1.2111315532854794,5.123908403558894,-1.4315536300919574,4.460861455598631,-1.5856550916509469,3.7034033367130004,-1.6542948124725638,2.889445843478373,-1.617584823768246,2.066663350277817,-1.4550135172264662,1.2928350836686104,-1.1455601484761995,0.636127939025304,-0.6678000244902198,0.17532435397327906,-0.0,0.0,0.528939472180485,0.1344874760322062,1.0009133044008216,0.5194377124725211,1.410955775073693,1.1250717997303412,1.7553765368748553,1.9194498625213248,2.0316863183765523,2.8690902541802332,2.2385212404616177,3.9395512081267356,2.375566816024159,5.095974526686056,2.443482564795821,6.303591387553103,2.4438280400031402,7.52819078019944,2.3789909327171785,8.736551449935064,2.252117795436643,9.896838528875676,2.067047810385641,10.978966274447917,1.8282499214722516,11.954928521754242,1.54076355267744,12.799098591104803,1.210143050269847,13.48850048160969,0.8424059117761162,14.003053231354036,0.4439848008954804,14.325790339768158,0.021683294113215217,14.443056133622267,-0.417364738962213,14.344680919630939,-0.8657322542767062,14.02413670861676,-1.3157328103860018,13.478675222836305,-1.7594511826174586,12.709449813264898,-2.1887710060675962,11.7216228207755,-2.59539964668478,10.52445981719199,-2.97089050257445,9.131412061674528,-3.306662936717445,7.560188406918673,-3.5940200382445324,5.832817789951756,-3.824164402925102,3.9757033452708965,-3.9882121151941456,2.019669084755984,-4.077205104372292,0.0
232,4,-1.1857463402847221,2.3917165928819446,-1.2379014122135732,2.4601597416368004,5.00138214219,5.006625429525103,8.90271641884739,9.56892920640743,-0.0,-0.0,-0.0096414429417942,-0.00654370994041746,0.06704984267066037,0.004737351510859247,0.20551230707540047,0.07079030818432523,0.3831658138978323,0.21676956103925085,0.5795762717945125,0.45706955558972084,0.7765969664898996,0.7964341725391305,0.9584837695152205,1.2311303561166793,1.1119821541683248,1.7501723682261643,1.2263847592455615,2.336582222730999,1.2935590698115642,2.968671431645367,1.307945595439235,3.6213291838797512,1.2665276867266864,4.267302460251272,1.1687748119326076,4.878454332957247,1.0165616946637996,5.426987758035863,0.8140661747921232,5.886623490265789,0.5676489892189983,6.2337222700342885,0.2857188745438758,6.448343086708837,-0.021413525903406293,6.515231049229795,-0.3416895035883849,6.424730131597908,-0.6614605655057804,6.173617753978027,-0.9656480684140335,5.765859762113942,-1.2379014122135732,5.213285840194947,-1.4607523383376582,4.536186706082569,-1.6157632496950012,3.7638355731021798,-1.683667852640335,2.934937308568353,-1.6445028033816524,2.098009473119805,-1.477729408241924,1.3116999911258613,-1.16234476895493,0.6450465910451698,-0.6769820730232903,0.1776833803188886,-0.0,0.0,0.535329486209282,0.13614901600619012,1.0122022062068496,0.5255790259358317,1.4257625880603018,1.137791953210333,1.7724531583480758,1.9401898943441012,2.0499316115283635,2.8987034703249708,2.2569876602599153,3.978378607687902,2.3934607759426583,5.143921925053904,2.4601597416368004,6.360205408375299,2.4587847634631803,7.592731474666558,2.391852724387332,8.808059855879526,2.2626260177324298,9.974197989216663,2.0750452677741915,11.060956785651177,1.833666131553517,12.04027377309962,1.5436002792457177,12.886505682890721,1.2104605692680217,13.576692575923158,0.8403103677058833,14.090795595764833,0.4396169083126213,14.411910396880003,0.01520854789697915,14.526458233472457,-0.4257642590665284,14.424356613689207,-0.8758644646964346,14.099171330015869,-1.327400623145398,13.548251573800263,-1.7724559973106722,12.77284973349621,-2.202914799379398,11.778227365358806,-2.610485785990722,10.573748714327488,-2.986723423665136,9.172963053603237,-3.323046832466099,7.593677005431144,-3.6107567063003305,5.858017903941158,-3.8410503974060015,3.9924891643676323,-4.0050353408995205,2.0280185320877404,-4.093740983142703,0.0
233,4,-1.1868663214722224,2.396398024451389,-1.230785861808702,2.4441816420420626,5.000543337346759,5.007057222410163,8.91112536312831,9.587658970379456,-0.0,-0.0,-0.00653095055851016,-0.005711788467226776,0.07197713873681706,0.007631808370961334,0.21102783735541128,0.07634440036708108,0.3881713139128333,0.22499621099467004,0.583156333613712,0.46747636702770706,0.7780572265704954,0.8081250297941365,0.9573738041039815,1.2429223158147302,1.108102978057105,1.7607201368526033,1.2197816181915906,2.344502662551857,1.2845009319520928,2.9726610655967733,1.296893340997877,3.6202685269718193,1.2540934374993422,4.260342122031294,1.155675114320901,4.865079131674114,1.003567367424408,5.4070564756014114,0.8019515627944304,5.860383291882507,0.5571431459197307,6.20179813404487,0.27746085574377877,6.411703770953937,-0.026913503306338384,6.475134107235338,-0.34408176618714803,6.382649249727706,-0.6605797796883118,6.131156191553988,-0.9615288424205155,5.724653939688477,-1.230785861808702,5.174903150948712,-1.451090154741528,4.502021448216568,-1.604205111905853,3.735006552475032,-1.671053245222748,2.9121901814423303,-1.6318434344086559,2.0816263314447525,-1.4661894751368578,1.3014180789865046,-1.1532193015787255,0.6399874188813391,-0.6716745055868488,0.17629290610191853,-0.0,0.0,0.531204772506672,0.13509579602895044,1.0045171953418992,0.5215485576577364,1.415133266194284,1.1291565385038584,1.75951976548559,1.9256369382309342,2.0353356993177836,2.877241691756591,2.241353389063759,3.949333847678163,2.3773801860837875,5.106924610129573,2.4441816420420626,6.31517157029898,2.443406823858807,7.539839033393079,2.3775163295381434,8.747721657756697,2.2497134384876363,9.907032869871797,2.0638787185198604,10.987759707429275,1.8245083120841852,11.961985878354124,1.5366560366151696,12.8041849125241,1.2058793580729115,13.491485330925316,0.838189232391737,14.003909769970432,0.4400037560369728,14.324589982246804,0.01810552342850283,14.439959594300015,-0.42039744525051215,14.339926442012803,-0.8681073683191503,14.018026229080194,-1.3173691400771834,13.471559167897876,-1.760299734974061,12.70171116828261,-2.1888147788710337,11.71366104076604,-2.5946524901862253,10.516675080233943,-2.9693951923730597,9.124190294483423,-3.304488594853969,7.553887442517187,-3.591259032873148,5.82775495041333,-3.820928848323745,3.9721446794174673,-3.984630083946876,2.0178204322478996,-4.0734166528192475,0.0
234,4,-1.1764251630833333,2.4009996420694444,-1.2404052253820872,2.4552770390650087,5.002440955880856,5.006637299780313,8.832731975721162,9.606069409707082,-0.0,-0.0,-0.009333437721225118,-0.006483408454504165,0.06797524038940482,0.005096816232461942,0.20719470347028965,0.07179913907860591,0.3855993543148366,0.21881028690618606,0.5826381579166557,0.4604912863335222,0.7800786058500533,0.8015018396860162,0.9621228682357825,1.2379898354316317,1.1154940493092682,1.7588315284191416,1.2294913822008249,2.346907111768072,1.2960141271600227,2.980396052790779,1.309554831004969,3.6340766731536926,1.2671634249717274,4.2806149910394184,1.1683843514938668,4.8918287649704295,1.015169494454474,5.439913925977584,0.8117701279822598,5.898622088352301,0.5646113907631639,6.244379515919779,0.2821529391633441,6.457339716742214,-0.025260556793383574,6.522363673858991,-0.3455555199821309,6.429923528965313,-0.6650888311311569,6.176927264395625,-0.9688073983173409,5.767463531145592,-1.2404052253820872,5.213467212499971,-1.4624756586456857,4.535307570503124,-1.6166568935265127,3.7623018826033165,-1.6837692249716154,2.9331583341050265,-1.6439429136408603,2.0963525922481168,-1.4767359022409388,1.310442959886504,-1.1612409449733165,0.6443293058523306,-0.6761820022769761,0.17746111358694747,-0.0,0.0,0.5345061236945512,0.13594676052743038,1.010506868253723,0.5247476130591258,1.4232153313471347,1.135897762407581,1.7691320118685838,1.936824293967239,2.0459610542763076,2.893508945364813,2.2525268291766243,3.971069037529827,2.3886918752529422,5.134296997712666,2.4552770390650087,6.348159371822185,2.4539844754265236,7.578256597601319,2.3873240138929908,8.791245101499394,2.2585432573054622,9.955223499227328,2.0715616565311534,11.04008483176705,1.8309087011178684,12.01783686386134,1.5416662776909857,12.862892519230266,1.209415175412773,13.552332533933333,0.840185659337427,14.066142383780997,0.44041198656720887,14.387425490141336,0.016890705247784146,14.502594636794143,-0.423257448840222,14.401543443813763,-0.8726222604403232,14.077799647252204,-1.3235355603184313,13.528661829400114,-1.7680997852701847,12.755321136751252,-2.198213789808032,11.762969414040985,-2.605596123072861,10.560895074917392,-2.981805978092793,9.16256792453621,-3.318262012005623,7.585714047862249,-3.6062592258739032,5.852381780598304,-3.836984081754842,3.988999688058068,-4.001528023153259,2.026427391335836,-4.090899553217513,0.0
235,4,-1.1613098473541668,2.381086079625,-1.2460965624719709,2.4465831459429017,5.001451269117598,5.006732923321418,8.719244491133352,9.526397984653894,-0.0,-0.0,-0.00728363965956012,-0.005974717471312801,0.0720396694878436,0.0071404351089388,0.2130242593840947,0.07633035461866144,0.3927876323923625,0.22661541643067268,0.590677629965877,0.47212590089240375,0.7884128060681602,0.8172534353320864,0.9701933271214846,1.25786534714237,1.1227806460741787,1.782566713487263,1.2355451564013769,2.3739942561708194,1.3004819757963886,3.0101260706256436,1.312195896200223,3.665591477771903,1.267857330309948,4.312966008740241,1.1671317566428994,4.924037621039217,1.0120856965913103,5.471031634755677,0.8070726379652251,5.927783495705068,0.5586025493636484,6.270850243371257,0.27519871513556116,6.480553410787571,-0.03275442521257649,6.541947942046694,-0.35316890878839396,6.445713519501724,-0.6724130802256647,6.1889663952372365,-0.9754706727861695,5.775991379119731,-1.2460965624719709,5.218895018849846,-1.4669670175499896,4.538182196881798,-1.6198226744861035,3.763259355743346,-1.685602872774117,2.9328683468258143,-1.6445703624101335,2.0954554850799982,-1.4764257487915953,1.3094807959932162,-1.1604113536066167,0.6436726787265038,-0.6754044425852758,0.1772333001485333,-0.0,0.0,0.5335075792397652,0.1357079238138686,1.008306618965763,0.5237152699386212,1.4197150202432784,1.1334423519323034,1.7643258437903588,1.9322907462766024,2.0399228188111094,2.8862597389977713,2.2453966396880296,3.960520679952298,2.3806630022653845,5.119949884683669,2.4465831459429017,6.329621152602865,2.4448874986792197,7.555259310356173,2.3781028706425946,8.763656449196791,2.2494835091476673,9.923052714009021,2.062946212502662,11.003483628457179,1.8230096027624278,11.97709601443211,1.5347375760641895,12.818434592982673,1.2036868828898344,13.504701346080093,0.8358587377793291,14.01598968099932,0.4376543171804737,14.33549537818637,0.015833973730751773,14.449706224822192,-0.4225200261506042,14.348572144742858,-0.8700374483181621,14.025657535067689,-1.3190909350956856,13.47827741428654,-1.7618239644933356,12.707618878522831,-2.190176139601476,11.718849254526772,-2.5959060183716716,10.52121223149587,-2.970611686609766,9.128113150473261,-3.3057492678386815,7.557194530892111,-3.592649553292674,5.830402819563256,-3.822532924137093,3.9740472585408453,-3.986522726439518,2.018851685135399,-4.075657247746403,0.0
236,4,-1.1740189559097223,2.4253549277847224,-1.238689913412643,2.410149518496435,4.998441745293791,5.006984931036965,8.814665902578982,9.703511558791517,-0.0,-0.0,-0.004326799663971612,-0.005196017209259777,0.07691971885118146,0.009924258934953894,0.21870316576329446,0.0818010864044999,0.398162811185815,0.2348938824424895,0.5947582617715647,0.4828063014301402,0.7903871563390706,0.8294769928405064,0.9694741510348454,1.270422086227657,1.1190302072497351,1.7940147697799274,1.2286819558869462,2.382787025562222,1.2906716593682088,3.01473865947049,1.2998289984917657,3.664639203384629,1.2535165481073656,4.30530904315344,1.151551350998527,4.908867198594401,0.996105436317288,5.447934500418475,0.7915884466480521,5.896782416700617,0.5445157320966019,6.232419417278541,0.2633653428648876,6.435608466855517,-0.04157268857366003,6.49181094772245,-0.3583515258035754,6.39205397715798,-0.6735241434903619,6.133719656160744,-0.9722986480595123,5.72125622726385,-1.238689913412643,5.1668124011842735,-1.4556655103794707,4.490797215866923,-1.6052842893549588,3.722368707083188,-1.6688263523144282,2.8998553953765334,-1.626913510219135,2.0711151351582835,-1.4596196545835207,1.293836239259663,-1.1465707703571348,0.6357860017165347,-0.667034576650661,0.1750118114542726,-0.0,0.0,0.5264919773959009,0.13393922051317733,0.994721623130861,0.5167741990349577,1.4001702290989981,1.118190412433937,1.7395655159759844,1.9059290820576875,2.010798056604636,2.8463894700766676,2.2128387722284417,3.9051896151654018,2.345658382993557,5.0476862719107976,2.410149518496435,6.239455214538681,2.408052033900153,7.446733377696165,2.3418819337194487,8.63682454321399,2.214864179364314,9.778470450592408,2.030869547828824,10.842189319112034,1.794355616881514,11.800583829480765,1.51031187574026,12.628620630885498,1.184208898224832,13.303883422740798,0.8219514663505202,13.806801616156616,0.42983549476653493,14.120856514292491,0.014508578864821084,14.232766868687168,-0.41706602964905076,14.132655574980356,-0.8576422277725758,13.81419917010536,-1.2997208607510675,13.274761687310555,-1.7355767311512451,12.51551431795264,-2.157283029686552,11.541542222057588,-2.556733394266637,10.36193972486418,-2.925661795764092,8.989895035244537,-3.2556604394126203,7.442765524989226,-3.5381958600978125,5.7421445161159514,-3.7646233785054957,3.91392043703486,-3.9262000735018376,1.988329127813031,-4.014096414510209,0.0
237,4,-1.1821846639166667,2.367498076652778,-1.2504822362012447,2.4175430870659587,5.003218846266471,5.0062344605213,8.875974953490731,9.47203425322994,-0.0,-0.0,-0.0037646783903660446,-0.005094755945111208,0.07883586264352689,0.01061834941954169,0.22246864089836502,0.08390094358651341,0.4039938852377803,0.2393893236965039,0.6026221979875697,0.4907315554679143,0.800041613260164,0.8417957251905303,0.9805126762399555,1.2879337843217915,1.1309306274940727,1.8172847281888391,1.2408547216097048,2.412100630080817,1.3025056010468579,3.050079292563349,1.3107324496837818,3.7056879434823,1.2629523388381356,4.351463443707221,1.1590647323153747,4.959275824394838,1.0013445253838809,5.501543563092225,0.7943172527591073,5.952390766623893,0.5446202173580138,6.288738281212329,0.2608532757113947,6.491322627417959,-0.04657711663937905,6.545638496768861,-0.36561722640506844,6.4428022947472625,-0.6827256633072568,6.180335827652897,-0.983030593889698,5.762870676089892,-1.2504822362012447,5.202775053459817,-1.4679987316764032,4.520706002028015,-1.6176038963988217,3.746090629077116,-1.6805557431045484,2.9175407363279966,-1.637465026783984,2.083205658413826,-1.4684033926393782,1.3010684166786453,-1.1530009903827825,0.6391904321217696,-0.6705336609160404,0.17591004698206383,-0.0,0.0,0.5289286705724584,0.1345721448503882,0.9990525919471093,0.5191204744780736,1.4059094915649515,1.1230733073828205,1.7462838096352815,1.9139430855036872,2.018121227999831,2.8579283167508676,2.2204447734833233,3.92047313759675,2.3532733137628554,5.066785495203779,2.4175430870659587,6.262315312668116,2.415032748495583,7.473194281206732,2.348292276112232,8.66663912880998,2.2205759589740457,9.8113203554436,2.0357795864765977,10.8776985095371,1.7983818724673302,11.83833011801774,1.5133900773828461,12.668145380709486,1.1862897355551147,13.344699706959009,0.8229983512675152,13.848401114543584,0.4298228945242567,14.162715434128106,0.013420904289493538,14.274351171857639,-0.41923500829384175,14.173425782435235,-0.8608894728158569,13.853614998884867,-1.3040337079547875,13.312286756141246,-1.7409321234456143,12.550621136077172,-2.163646389285648,11.573717653506492,-2.5640571786603363,10.390691097581476,-2.933883782029211,9.014757041956049,-3.26470177944425,7.463308040913834,-3.5479589469598216,5.757981437900706,-3.774989561324288,3.9247196278771366,-3.9370272553302095,1.9938235357635394,-4.025216564487513,0.0
238,4,-1.1754690433055555,2.3944630540555556,-1.2472610024536916,2.392272941850544,5.0012282585606656,5.006069380307214,8.825553321269684,9.579917419900887,-0.0,-0.0,-0.0003828769979593788,-0.004194130652354291,0.08430598116136816,0.013784217749794478,0.2288323594653059,0.09007230080996362,0.4102034170534708,0.24874409350463644,0.6078103006868135,0.502967792670465,0.8035418259622337,0.8562274757013109,0.9818676493434996,1.303594021205459,1.1298901810234203,1.8330298147108879,1.2373653201190835,2.4267115959405063,1.2966928944824512,3.0623560471157494,1.3028784246449658,3.7145333504767777,1.2534684767700144,4.355954918648156,1.1484624007875799,4.9587227718622255,0.990203652218199,5.495529540305431,0.7832541623738233,5.940799741372427,0.5342553520375257,6.271764752114717,0.25177938561899293,6.469465700318781,-0.05382585087730272,6.5196802722142735,-0.3705947766950394,6.413771127185547,-0.6851021668744864,6.149455175804993,-0.9826185927887636,5.731494383148803,-1.2472610024536916,5.172309981419728,-1.4621365903686738,4.492523001319619,-1.6094785056741452,3.721424856611988,-1.670772330903897,2.8973823451385234,-1.626872620091972,2.06818187297116,-1.4581091061506013,1.291317982108038,-1.1443824679570493,0.6342313852662224,-0.6652497848583717,0.174501704962676,-0.0,0.0,0.5243977486687141,0.13343393788297375,0.9901876257139685,0.5146224670229551,1.3930267300892838,1.113122941858742,1.7298009830116108,1.8966320348551884,1.9985401740192794,2.831578857254374,2.1983347052179565,3.883675990734449,2.3292548215935334,5.018429483627075,2.392272941850544,6.201609215197507,2.389189548959779,7.399681299126277,2.3225629630915745,8.580204392012407,2.195643201738908,9.712191903822518,2.0123100318925315,10.76644218390062,1.7770152360037619,11.715838787129082,1.494729045773606,12.535622918163789,1.1708906439978701,13.203640114687698,0.8113625931718501,13.700563169882317,0.422389018717716,14.0100932155457,0.010557353005321657,14.119140795443734,-0.4172365676479008,14.01798865777778,-0.8538202684112612,13.70043788960493,-1.2917734816241315,13.1639389075459,-1.7234542887988147,12.40970871049223,-2.141022770039978,11.442835693115175,-2.536462364561503,10.27237321519679,-2.9015991367894487,8.911423022200406,-3.228119132127576,7.377209517815234,-3.507583995287499,5.691145799942193,-3.731445012519329,3.8788922880185503,-3.8910557274161537,1.9704086918282824,-3.9776832684364605,0.0
239,4,-1.1991026310555555,2.380093029798611,-1.259664235920372,2.392301385852482,5.000022690087356,5.0062566718376535,9.002996946900165,9.522424928851448,-0.0,-0.0,-0.0004195886886597097,-0.0042730033888040055,0.08562030341404331,0.013978542428737516,0.23234792046309102,0.09144910095486691,0.41629535401489576,0.25251608223700106,0.616453664842513,0.5104319094291133,0.814394207265226,0.8685852823940641,0.9943546585009856,1.3218143190003135,1.1432893565566895,1.8577537822709485,1.2508846024284082,2.458198669392896,1.3095405408601923,3.1004670108371637,1.3143220623063157,3.758745748108914,1.2628818410280822,4.405404954943598,1.1553591253028885,5.012267356799383,0.9942582210677778,5.551822000101864,0.7843107651941428,5.998372938956329,0.5323258823820342,6.329115860764917,0.2470321800133428,6.52513758952228,-0.06108471795077488,6.572335323620344,-0.37994573779831875,6.4622542334193,-0.696040065524623,6.1928436254393455,-0.9945824791441071,5.769133250509134,-1.259664235920372,5.203832480266381,-1.4743958925196206,4.517855998285997,-1.6210408604074387,3.7407803558519355,-1.6811388896038841,2.9112362419353883,-1.6356190229914835,2.077241631251961,-1.464901865913486,1.2964811255382949,-1.1489912699032676,0.6365368152698979,-0.6675557355423374,0.17507588612125302,-0.0,0.0,0.525711169860036,0.13378842422567336,0.9922420065202722,0.5158404875898956,1.3953572158853287,1.115454361978898,1.7320452603584002,1.9001201984616487,2.000430857926457,2.836110043049175,2.199689970893165,3.889024592529174,2.329967957112421,5.02429821098011,2.392301385852482,6.207663920406378,2.388543871444593,7.405580291857362,2.3212961500913045,8.58562230716195,2.1938405175228386,9.71683834636704,2.0100796561110617,10.77007549180279,1.774479807863351,11.718275335288455,1.492018192594756,12.536742438334564,1.1681345266657193,13.203387533355405,0.8086864651731539,13.698947473036366,0.4199087676886134,14.007183840374871,0.008375972972486677,14.11506202798678,-0.41903163987217096,14.012912485742095,-0.8551590288819954,13.694575723688812,-1.2926045286589354,13.157532544969895,-1.7237453699358265,12.403020872941479,-2.1407607898514214,11.436140429419321,-2.5356529340546956,10.265946417995185,-2.900265741062539,8.905533268437345,-3.2263019878256567,7.372109405821366,-3.50533866359491,5.687063921515535,-3.7288408272267906,3.8760259425896897,-3.888174091255845,1.96891742160904,-3.974615864572292,0.0
240,4,-1.2074428415833334,2.3754406074305554,-1.251833662028166,2.3931520528787544,4.9990257927656705,5.006538201127228,9.065616182296214,9.503811226705164,-0.0,-0.0,-0.0004498514348829306,-0.004219227256580112,0.08438832800643761,0.013753558462335837,0.22928386471592932,0.09016638986093753,0.41121153308467767,0.2491963167446567,0.6095056432285462,0.504091843442875,0.8059842648144595,0.8583850446715356,0.9850416433762965,1.307157902630579,1.133707821317137,1.83834667457728,1.2416754267451906,2.4340678450431996,1.3012944981414376,3.071949427372465,1.3075370352351599,3.7264520229640703,1.2579336766957632,4.37016507453657,1.152485481603169,4.975065100045323,0.9935542209501065,5.513724295974604,0.7857348630035772,5.960459677557547,0.5357140655024366,6.292414803697511,0.2521184785890916,6.490568044051795,-0.054643469214675416,6.54066321950922,-0.3725428640982741,6.434060228680745,-0.6880915564677675,6.168504916050232,-0.9865006174564427,5.748818907392066,-1.251833662028166,5.187511411562775,-1.4671531224465024,4.505316052168454,-1.6146579771962724,3.7316566449379027,-1.6758118438671152,2.9050464822168074,-1.6314607183148377,2.0734261368579427,-1.4619399781811173,1.2944450709645785,-1.1471705612658034,0.6356924509221176,-0.6667444757805507,0.17488255134070235,-0.0,0.0,0.5253773696017902,0.13369181819470288,0.9918430316948317,0.515551398670101,1.3950745690285313,1.1149889632294046,1.7319855192635263,1.8995661532225765,2.00063863203721,2.8355922653370618,2.2001609369753337,3.8886775307209316,2.330661436215434,5.024244554279577,2.3931520528787544,6.207999391453236,2.389472304208238,7.406364013993656,2.3222180253596965,8.586872114100458,2.19467434688833,9.71853032772359,2.010753025017601,10.772147032601774,1.7749341375941545,11.720630903893952,1.4922120887241488,12.539261398590591,1.168045809799196,13.205933296994466,0.8083130022381104,13.70137736231679,0.4192682360910006,14.009359093871062,0.007504697039179497,14.116857450651002,-0.42008063925232486,14.014225314646925,-0.8563186334140109,13.695333350749127,-1.2937966388310114,13.157698805503342,-1.724884415127905,12.402600672729108,-2.1417575195229466,11.43518254196956,-2.536418388421386,10.26454433735075,-2.9007153113707247,8.90382405074452,-3.2263594880627178,7.370270474887832,-3.504940346914763,5.685307849786353,-3.7279392912811296,3.8745932495773228,-3.886742026836368,1.9680674571326784,-3.9726496113748944,0.0
241,4,-1.2405370862986111,2.3562833551180558,-1.2094738171957444,2.360262878527083,4.999939812107436,5.006213806459284,9.314091480752804,9.427165694490704,-0.0,-0.0,-0.014436870632579582,-0.007876557444328214,0.05995410483915163,0.0003561012910172785,0.19736225560482526,0.06256768970903663,0.3742627106908,0.20428681533278878,0.5695730567092344,0.43988444481712285,0.7647752923365927,0.773827105859048,0.9440016714349851,1.20198207216739,1.0940842120410528,1.7129563717584175,1.2045687641164287,2.289451630403715,1.2676955248142767,2.909617463355449,1.2783487278809975,3.5483872895217736,1.2339788889021537,4.17878197729822,1.1345014491803096,4.7731685455313055,0.9821759294130044,5.304463139431807,0.781469792029525,5.74726958592093,0.5389111383430212,6.07894692032203,0.26293415952178545,6.280601292612561,-0.03627905223858732,6.337999546570903,-0.3469571143814292,6.242403473788701,-0.6558956043385048,5.99132524596196,-0.9486086249069602,5.589205805992037,-1.2094738171957444,5.048019046039425,-1.4218693927951858,4.387805423558016,-1.5683021643947788,3.637139277079079,-1.6305259207962042,2.833534520376543,-1.5896498125700076,2.0237936385904023,-1.4262366861114173,1.2643050068382444,-1.120391526782144,0.6212935252431669,-0.6518403483829948,0.17102943795785358,-0.0,0.0,0.5145940736003893,0.13090734108113944,0.9723804661755361,0.5051189408691904,1.3689706564330881,1.093081732984799,1.7011836374542633,1.8633538238921683,1.9669616450674832,2.7831870907686116,2.165288429225107,3.8190682512143153,2.296110657001221,4.937219830476858,2.360262878527083,6.104062705923322,2.3593963516914607,7.2866420893896295,2.295911906628703,8.453018926416798,2.172896935378736,9.572628757222287,1.9940665138754388,10.616610106702634,1.7637086007355252,11.558104458062639,1.4866332082937417,12.37252982411562,1.1681254041283617,13.037829868265797,0.8139019742106132,13.53470044914254,0.4300715601920452,13.846795373445582,0.02309807176409547,13.96091304465713,-0.40023283080853744,13.867165594071395,-0.8328443901003588,13.55913197766678,-1.267396744596424,13.033996419755358,-1.696312459942487,12.292673483685594,-2.1117997896250467,11.339920952358309,-2.5058738475805384,10.184441607827422,-2.8703758654865386,8.838974910411235,-3.1969906971437547,7.320379493932334,-3.4772627217333514,5.649707315149381,-3.70261028707979,3.8522702222188867,-3.8643388235577496,1.9576996390928159,-3.953652749097606,0.0
242,4,-1.2303159601597222,2.3549383729930558,-1.2159229346617624,2.352298898832348,5.000853377949338,5.005465013700851,9.237350120139416,9.421784605955253,-0.0,-0.0,-0.013053057165165914,-0.007522662859783601,0.06254236906147706,0.0017101054577999346,0.20098861086126585,0.06548219924110231,0.3787600571336022,0.20923938664804737,0.5747625465190361,0.4472665332378241,0.7704591269992035,0.783936216165254,0.9499603094787938,1.2150113950473627,1.1000781250950133,1.7289841648826594,1.2103444457044013,2.308432561304888,1.2729950873953095,2.931377888062126,1.2829221410832636,3.5726260340832803,1.2375977277710302,4.205077665555983,1.1369729380631002,4.800993925963753,0.9833560788167813,5.333206255907039,0.7812745196606182,5.776261056239213,0.537324424231463,6.107492069407596,0.26001248896662804,6.308015461664413,-0.040406475175421244,6.363644582953085,-0.35209266452837745,6.2657232067798825,-0.6617820996795172,6.01187766987239,-0.9549426085726939,5.606689716635358,-1.2159229346617624,5.0622929958134275,-1.4280934040709559,4.398897057633306,-1.573977031186869,3.645243369834643,-1.6353703459700393,2.838998328395996,-1.5934535808766401,2.0270885063087185,-1.428890156805245,1.2659834871787208,-1.1219156553019904,0.6219315965588461,-0.6524166602374737,0.1711536992083104,-0.0,0.0,0.5145813545597951,0.13092400262766613,0.9719138812647518,0.5050326483142425,1.3676842279932626,1.0925707797133695,1.69879262296316,1.86193362701469,1.9632659401232813,2.7802517673927154,2.1601734709677785,3.8139332634517533,2.2895460362575637,4.929164499934461,2.352298898832348,6.092371510618856,2.35015879029616,7.27064377984229,2.285595238778533,8.432122627166171,2.161756280628398,9.54635635036307,1.9824085538898186,10.584624321320875,1.7518817036784218,11.520232210774497,1.475016977021305,12.328780469107457,1.1571198452816633,12.988408118881821,0.8039164640079968,13.480013826319194,0.42151376111783295,13.787456118788823,0.01636293310812762,13.897734507719688,-0.40477387598072545,13.801153164725994,-0.8348539381117903,13.491468685917841,-1.2665815686958921,12.966023367565803,-1.6924332325126261,12.225865307192361,-2.1046803337410602,11.275856539035141,-2.4954098853024873,10.124770312568637,-2.856543241337878,8.785378527984872,-3.179853064744404,7.274530253582605,-3.456978689620018,5.613222167070499,-3.679440026476403,3.8266616858700213,-3.838650146379997,1.9443234805148006,-3.925926668914362,0.0
243,4,-1.2112652924097222,2.358247730520833,-1.2215560223194526,2.368361580272113,5.0009544194324445,5.006169859512891,9.0943155715131,9.435024890358612,-0.0,-0.0,-0.009945066105834609,-0.006668606251442384,0.06718483168254978,0.004556234418529668,0.20609712432531602,0.07080109860565136,0.3836908097012262,0.21708721058445832,0.579209878633047,0.4574657321692287,0.7743678265903919,0.7962226420197228,0.9534411678592508,1.2291381896794438,1.103330772607794,1.7447850923590211,1.213590768369686,2.3258492830894633,1.2764256456507612,2.950457115946868,1.2866570448494707,3.5934934665361453,1.241662445371215,4.227896094957159,1.1412886010577903,4.82591291020314,0.987743049869079,5.3603103240517855,0.7854673595028333,5.805522636277806,0.5409959520677919,6.138734275502583,0.2628043856567701,6.340888656136903,-0.03884912881776872,6.397619331179216,-0.3520854129096209,6.300100960289513,-0.6635659556438911,6.045819319760945,-0.958651626597141,5.639261114451696,-1.2215560223194526,5.092525682256976,-1.4354914510435262,4.42586179213475,-1.5828060118992378,3.668133621071536,-1.6451106596385787,2.8572206575516335,-1.603395549718867,2.04035673108989,-1.4381353208665129,1.2744136274925648,-1.1293832860758628,0.6261348403771143,-0.6568547649587949,0.17232495632265,-0.0,0.0,0.5181806473715487,0.13183650490533513,0.9787641034579384,0.5085737787399466,1.3773606579502815,1.1002626113947738,1.7108131254154315,1.8750707267179794,1.9771097463654719,2.7998772069175515,2.175299086030571,3.840823828250931,2.305407754925744,4.963824521437183,2.368361580272113,6.135034532634729,2.3659106841350934,7.321281131126114,2.300558773459056,8.490457899173215,2.175496818731023,9.61188475907373,1.9945411907950827,10.656635953157275,1.7620762378570518,11.597838204563281,1.4830012151377563,12.410941259563094,1.162681425953677,13.073962954377409,0.8069033931773674,13.567710868338608,0.4218338520484444,13.875982527275344,0.013982337266148713,13.985746011595628,-0.409832872558196,13.887302707240417,-0.84251569325726,13.574433818162403,-1.27672029447833,13.044532139200296,-1.7048765123139336,12.29872047046307,-2.1192128385119733,11.341957940342235,-2.5117771985594546,10.183135395295874,-2.874455718523157,8.835160911458958,-3.1989896673133424,7.315036386473852,-3.476990747473445,5.64392607998653,-3.69995489404809,3.847217888096946,-3.8592747278160737,1.954578060608901,-3.9462507963938718,0.0
244,4,-1.2282165263958333,2.3550461116875,-1.2293971260299845,2.3696731947276874,4.999044445000542,5.00576092205,9.221587336139958,9.42221565365672,-0.0,-0.0,-0.01120572208499043,-0.007069033782973697,0.06638136564622055,0.0035815508390243133,0.20685346901805554,0.06978053840480569,0.3865723334436373,0.21696259149577368,0.584335496153424,0.45934596707352593,0.7815079134993177,0.8011848142171566,0.9621169182730154,1.238078176738241,1.1129097324107435,1.7583171193415699,1.2233739940200674,2.3442513199959287,1.2857228915038716,2.9736569894331164,1.2948474803203072,3.6210890279545738,1.2482395525919097,4.259201824566796,1.1458890149352725,4.860024943832767,0.9901600994153029,5.396182024817267,0.7856508940909085,5.842043427692728,0.5390406521427576,6.174805407297936,0.25892914923032523,6.375490781201053,-0.044327960267773,6.42986811958733,-0.35878425188465857,6.329288359278151,-0.6710650445123443,6.071439395165386,-0.9665247656081746,5.6610206063112765,-1.2293971260299845,5.110340422427843,-1.4429365552721642,4.439840933149768,-1.58954980602496,3.67855420086317,-1.650917048734152,2.86449537834035,-1.6081021351900306,2.0449979801884264,-1.4416520120969296,1.2769967397559059,-1.1316855112705573,0.6272634289385219,-0.6579719352412098,0.17260085481825474,-0.0,0.0,0.5187972872377586,0.1320032374271602,0.9797397518247675,0.5091475428316554,1.3785183810213844,1.101375576012104,1.712043728273939,1.8767840914327314,1.978358066527111,2.802211656672017,2.1765503850818053,3.8437831285066655,2.306674852600347,4.967412471842024,2.3696731947276874,6.139265773406825,2.3673012856370206,7.326186488058085,2.302060127257002,8.496085072859794,2.1771312861723087,9.618295224170842,1.9963167741160515,10.663898946180247,1.7639832913791529,11.60602265495694,1.4850107011294005,12.420106468320371,1.1647445644187027,13.084148755777514,0.8089525385501319,13.578927930461306,0.42378442363273355,13.888203361530591,0.015735631912974866,13.998897175060868,-0.40838614962944697,13.901258597496723,-0.8414913321750634,13.589012380992035,-1.2762360576801108,13.059492736581188,-1.705047308094551,12.313764090745732,-2.1201456986582956,11.356729874780509,-2.5135661519371535,10.19723045528237,-2.877176637560393,8.848131218650817,-3.2026951504575703,7.326401733038857,-3.4817050880947784,5.65318682786758,-3.7056691750370083,3.853870353821359,-3.865942071307354,1.9581323150575711,-3.9537817896173886,0.0
245,4,-1.2346149955833332,2.3351067768263887,-1.222986950871471,2.3661211286154096,5.000726730968122,5.005825030440514,9.269627759926856,9.342441116708375,-0.0,-0.0,-0.012765090592187953,-0.007459771066035219,0.06333757681969793,0.0020347980844010022,0.20249286797822974,0.06637407317956183,0.3811325750942429,0.21109497007125272,0.5781021935947727,0.4505474616864839,0.7747938321664848,0.7891361231045826,0.955243078626946,1.22261918539273,1.1061888930754986,1.7394467919376924,1.2170968239862174,2.3221199952059477,1.2801469790023652,2.9485524685873443,1.2901891773106828,3.5934178794407075,1.2446685253953857,4.229467294756494,1.1435252686829915,4.8288027732341305,0.9890731693239551,5.364095332125916,0.7858608503123488,5.8097376581959805,0.5405205451905495,6.142924159480286,0.2616085263528043,6.344653138865532,-0.04055881531176526,6.400647936832962,-0.3540696672161101,6.30219578041873,-0.6655791632011524,6.046904746872364,-0.960466820220037,5.639380678326003,-1.222986950871471,5.091827057466711,-1.4364104541364504,4.424571775762483,-1.583156849202803,3.6665254073308895,-1.6449158348437973,2.855576062634348,-1.6027580217575348,2.0389261614210463,-1.4372347939785082,1.2733765610801613,-1.1284675077055082,0.6255634331452857,-0.656226434000784,0.17215312480113193,-0.0,0.0,0.517586095930432,0.13168848513389594,0.9775898074983089,0.507981752772814,1.3756738285361605,1.098951563391857,1.708721632056508,1.8728099184077727,1.974749819675541,2.7964974382029006,2.1728232280624207,3.8362285733336554,2.302973434724785,4.957995195913048,2.3661211286154096,6.128030394046056,2.364002659228129,7.313234485964584,2.299100949783634,8.481565394369806,2.1745808540322846,9.602395586896536,1.9942289500672192,10.646837806058754,1.7623976961509302,11.588041790941343,1.4839538206937173,12.40146414158775,1.1642307790285704,13.06511340271472,0.8089850814745367,13.559772352237635,0.4243562785017238,13.869199377307687,0.01683037792213533,13.98031071045472,-0.4067935355613117,13.883345184509674,-0.8394337077123528,13.572013050064227,-1.2737533740137508,13.043630285521518,-1.7021858886039496,12.299239718993478,-2.1169575313638695,11.343720174662462,-2.510108190830599,10.185884754640616,-2.873510108897721,8.83856927142185,-3.1988848610490663,7.318711756082243,-3.4778187335052473,5.647423883602364,-3.701776646404714,3.850055079069261,-3.8621147601933665,1.9562499969579947,-3.9500918909053504,0.0
246,4,-1.233152539746528,2.347647441763889,-1.217810303100216,2.3496206930723487,4.998088087019745,5.006677288109052,9.258647477595108,9.392614592673445,-0.0,-0.0,-0.011543012191784685,-0.007106909338152435,0.06478777987924228,0.003091325130458412,0.20344799585867684,0.06805675511677128,0.3811133993031304,0.21302693294733333,0.5768414635874279,0.4521666207387298,0.7722015020657209,0.7897925458924285,0.9513709704531326,1.2216548413317383,1.1011966731740799,1.7362578919202494,1.2112207442093974,2.316202959722659,1.273672366845131,2.939535172560198,1.2834271916778035,3.5810781963835914,1.2379372639060202,4.213741111322196,1.1371349472298184,4.809783593655271,0.9833148140427808,5.342027378487953,0.7809977550637561,5.785004041842992,0.5367816535632648,6.116031298130745,0.2591828877135694,6.316212167881316,-0.041527305106072755,6.371353450524732,-0.3534879155512303,6.272801871317272,-0.6634114470700538,6.018198009511413,-0.956742629667109,5.612149622070154,-1.217810303100216,5.066827234652495,-1.4299707165396458,4.402485874159704,-1.5757409750025482,3.6479175714550314,-1.6369218069700522,2.8408397847933133,-1.5947092216559926,2.0282252065301454,-1.4297949621865447,1.2665785445788584,-1.1224559401988299,0.6221658447004697,-0.6526330590178752,0.1712017691997979,-0.0,0.0,0.5145980763770439,0.1309349339645226,0.9717947866673415,0.5050239172581574,1.3672989286670998,1.0924408619449868,1.698037031931037,1.8615222328900776,1.9620651352235396,2.7793537629040093,2.1584832606182127,3.8123136974427756,2.287353281537667,4.926574099923572,2.3496206930723487,6.08856204904373,2.347040629752113,7.265382771805361,2.2821083377061844,8.425206892964887,2.1579941933010245,9.53762405544676,1.978483266919522,10.573965188101349,1.7479193563222588,11.507595677210773,1.4711533567019368,12.3141816453789,1.1534957918139288,12.971931463753249,0.8006733002481289,13.461814527665533,0.4187888509623453,13.767759217431598,0.01428545077448209,13.876831849936838,-0.4060868980390288,13.779398306589592,-0.8353012310109834,13.46926990231971,-1.2660808815233051,12.943834940929234,-1.6909241953278151,12.204177286087322,-2.102126916811353,11.255183165941167,-2.491802452303635,10.10563732362431,-2.851900202831943,8.768309526489888,-3.1742221453752753,7.2600323540217575,-3.450437828231632,5.601771098212394,-3.672097932869339,3.81868653071392,-3.830646541797554,1.940191218111968,-3.9174322397150925,0.0
247,4,-1.2390059828263889,2.3523304065,-1.2216583366692828,2.361695485018974,4.999069038779772,5.006134987418087,9.30259578428046,9.41135049063448,-0.0,-0.0,-0.011694158268153633,-0.007166915055632734,0.06493054158342276,0.003014231093512655,0.20416798339709422,0.06818659118130393,0.3825571103277572,0.213694097015037,0.5790446145328013,0.45374597752579093,0.7751146203393832,0.7926544823338876,0.9548832438018746,1.2261287298430132,1.1051570874732979,1.7426068335798075,1.2154558913484488,2.3246082822963436,1.2780006501764691,2.9500889363136267,1.2876694729695914,3.5937819051544575,1.2419242633810474,4.228508917564637,1.1407119139302544,4.8264484961420635,0.9863441209976999,5.360349207183191,0.7833601424984896,5.804678371664854,0.5383768490664776,6.136698798818859,0.2599302843855755,6.337468251661413,-0.04168732082197012,6.392758398897566,-0.35459151212953227,6.293891889674937,-0.6654674305779937,6.038497862628384,-0.9597268549469183,5.631187640323943,-1.2216583366692828,5.084153551050278,-1.4345687893719803,4.4176947611900115,-1.580915359106104,3.6606747028908373,-1.6424268235293684,2.850915161211779,-1.600214139816513,2.035532365673125,-1.4348700773073784,1.2712205398424714,-1.126558130791027,0.6244883272820315,-0.6550911155880994,0.1718533607067556,-0.0,0.0,0.516660826630483,0.13145418958699023,0.9758203393099086,0.5070700163466001,1.373158060458948,1.0969641357717956,1.7055707548102723,1.8694009640686973,1.971085003587703,2.7913793457241574,2.168772500725196,3.8291761572398086,2.2986687278090114,4.948848380225193,2.361695485018974,6.116695459480925,2.3595876008666834,7.299683960699819,2.2948240129083306,8.465836670194179,2.1705633032162694,9.58458834716113,1.9905836842461622,10.627110358053836,1.7592273606726982,11.566606402221309,1.481349138571978,12.378581486602354,1.1622691128313805,13.041086232296731,0.8077292348081194,13.53493850361845,0.42385354313076234,13.843924246096908,0.017111829418775298,13.954979308258377,-0.4057134939489456,13.85835390650673,-0.8375575563958414,13.547761275921694,-1.2711004499505822,13.020511934575982,-1.6987921287369112,12.277634876777771,-2.1128749979574746,11.323986902755344,-2.505404392047007,10.16835118963127,-2.8682671296001288,8.823526111683664,-3.193198320116212,7.3064052272181055,-3.47179658489909,5.638049265028529,-3.695537841875254,3.843750865410672,-3.8557877918547803,1.9530927588868219,-3.943813232004643,0.0
248,4,-1.2414977897777777,2.3559636854236112,-1.203528097833827,2.368420577213209,4.998380493161743,5.006132810091168,9.32130455014804,9.425886740000578,-0.0,-0.0,-0.015079553018546337,-0.007989295015962206,0.05781225418278527,-0.00042868410302794406,0.1933788492008077,0.06025668355797394,0.3684936236355377,0.19952855852800955,0.5623608669695288,0.43186202358133047,0.7566460540189249,0.7619448456760488,0.9355732719434027,1.185933826544364,1.0859886517317054,1.6927513924853181,1.1973897496376606,2.265405367653444,1.2619218513349613,2.882315107986102,1.2743430973363181,3.51862789585707,1.2319611139557536,4.147510647738231,1.1345444529627453,4.741403491354923,0.984212580769347,5.273223537501057,0.7853084123549229,5.717509113225033,0.5442574648714894,6.051496747603697,0.269417628526725,6.256125225541974,-0.02907665814358407,6.316962976201314,-0.33947235733645087,6.22505688104047,-0.6485548260769715,5.97770222666256,-0.9418012156592005,5.579134958825623,-1.203528097833827,5.041148598939424,-1.4170315990903246,4.383639158218784,-1.5647187647700769,3.6350821327529905,-1.6282292816144492,2.8329461985363356,-1.5885470510690323,2.0240485683290728,-1.4261014205576499,1.2648571452290756,-1.1208581437341993,0.6217446361415631,-0.6524003539067021,0.17119969746546762,-0.0,0.0,0.5154146152266583,0.13110106920789114,0.9742431346641689,0.5059763510608204,1.3719999082690166,1.0951588061785862,1.7054186464345784,1.8672469478623503,1.9723683181676752,2.789493425154876,2.171771183135193,3.8283520551377466,2.303523662397385,4.949984555383439,2.368420577213209,6.12072853509113,2.3680831323788243,7.307528528965351,2.304890889576999,8.478332012487598,2.181917866000479,9.602452431581456,2.002872802487961,10.650901323784117,1.7720435717583802,11.596691611059315,1.4942456391174326,12.415114114523828,1.1747744432978995,13.083989285846028,0.8193615320013854,13.583896075186068,0.4341342634628913,13.898379766644148,0.025578870333454237,14.01414051377713,-0.3994933260982597,13.921204203569388,-0.8339767661487252,13.61307717034655,-1.2704997797606177,13.086886173932934,-1.7014502007919456,12.343504950782076,-2.1189986687357436,11.387668544307957,-2.5151198098996437,10.228076522284237,-2.8816114797126895,8.87748609571385,-3.2101122367067894,7.352796065494828,-3.49211720722063,5.675122440800037,-3.7189924882937415,3.8698664964620155,-3.8819882247888517,1.966775965787493,-3.972250485676778,0.0
249,4,-1.2337706552430554,2.3475396450972226,-1.2089270812746704,2.3665011909433886,5.000823452943354,5.00543863604955,9.26328835802014,9.392183313033089,-0.0,-0.0,-0.015690718313559508,-0.008173252761082161,0.057246555563813854,-0.0009304719840204146,0.19333992875744466,0.059587171826008554,0.369300767608711,0.19904097866552756,0.5641867714262255,0.4320283419779162,0.7595341593280279,0.7632903050408136,0.93945666752549,1.1889769866457842,1.0907101541290734,1.6979539342828067,1.202722708739154,2.2731321378157663,1.2675912088466943,2.8928046498462763,1.2800462058859814,3.531973470394912,1.2373878224087052,4.163651501173345,1.139395972071068,4.760125880407607,0.988218662311103,5.29417078477083,0.7882424041390638,5.740199738596983,0.5459488433487378,6.075349512199176,0.26976166017039827,6.280489737542669,-0.030112416482160606,6.341154347833269,-0.3418449412450816,6.248392797690078,-0.652146277133502,5.9995406964237885,-0.946422594049164,5.598910956665743,-1.2089270812746704,5.058407805761821,-1.422903575385402,4.39806702157422,-1.570721249627917,3.6465265414486154,-1.6339994247270888,2.841432165081463,-1.593721934219409,2.0297834469001694,-1.4303408034962848,1.2682250734535077,-1.123869277827871,0.6232890705897728,-0.6539644605219848,0.1715931090284729,-0.0,0.0,0.5163439254953471,0.1313509314221069,0.9756901345143635,0.5068369830326505,1.3735795602364824,1.0967914318119398,1.7067839232250046,1.8696293420416883,1.9732195393936716,2.7924413406707607,2.1718632508134306,3.831544792231918,2.3026712254313093,4.952993629239277,2.3665011909433886,6.123048420907397,2.3650385093657005,7.308608505057186,2.300726361999168,8.477608176238773,2.176700198551627,9.599379028120842,1.9967265077690368,10.644980600195034,1.7651458883544509,11.587501487170695,1.4868203363749513,12.402333042553318,1.1670846168779918,13.06741775333188,0.8117015511907778,13.563474287027926,0.4268210255739229,13.874201121245544,0.018942509881032018,13.986460564109068,-0.4051191348780497,13.890444865589545,-0.8382647850193178,13.579826007988133,-1.273139342798553,13.051890651412467,-1.7021574047118537,12.307661599038308,-2.1175265217273833,11.352007038900085,-2.5112682543566063,10.193738715095046,-2.8752372147377465,8.845700082468946,-3.201138276283871,7.324845405642147,-3.480542119359315,5.652310675969143,-3.7048992692216896,3.853477138849472,-3.8655527703599684,1.9580281487252589,-3.9537496295681627,0.0
250,4,-1.1951764515625,2.346863701923611,-1.1901724159520621,2.337411899875745,4.9998248277840975,5.004251349213377,8.973518751228253,9.3894789573435,-0.0,-0.0,-0.01581642957244309,-0.008176853537620984,0.05631944838478318,-0.001169162150101937,0.19096070703684476,0.05854767807188548,0.36490318755621953,0.19632840974905622,0.5573397152458092,0.4265191957706491,0.7499809230852688,0.7536877499554271,0.9271411283449899,1.1739051830772984,1.075788870898191,1.676061945231764,1.1855628283109465,2.243200329964587,1.2487548206467323,2.85384661805558,1.260262466556227,3.4833270143708246,1.2175147242040096,4.105052987728201,1.1203740321130367,4.6917633689271545,0.9710190551521961,5.2167125000085655,0.7738121498692073,5.654795764877353,0.5351556101987949,5.983605881496899,0.2633405644157182,6.184415323967331,-0.03160790431216412,6.243082107501962,-0.3380862186191802,6.150877863860171,-0.6430655809804969,5.905238627076802,-0.9322407444150246,5.51044002097538,-1.1901724159520621,4.978199584749207,-1.4004218650790339,4.3282097947994576,-1.5456767150052395,3.588605952003897,-1.6078672600639123,2.7963735214800662,-1.5682729721114999,1.9976997583708942,-1.4076191298134082,1.2482745519567626,-1.1061637273242344,0.6135453958126079,-0.6437749952012456,0.16893126752868212,-0.0,0.0,0.5085337671005565,0.12935283083666999,0.9612105515537717,0.499217173937342,1.3536405040523773,1.0805156164079934,1.682626899248019,1.842277583617468,1.9460835761718365,2.7522151731562965,2.1429548415457846,3.777258296731858,2.2731384226454154,4.8840505150916975,2.337411899875745,6.039407204354374,2.3373629143769215,7.210737872613624,2.275323331694227,8.366434563941167,2.154307447336657,9.476228352868512,1.9779542421759182,10.511515955187619,1.7504736332526427,11.44565846868388,1.476596616786345,12.254254217476975,1.1615291632067106,12.915387612344261,0.8109096971108524,13.4098558621967,0.43076997660912597,13.721375283397705,0.02749917510433316,13.836768857727261,-0.39218903713473535,13.746136589681344,-0.8212866153281823,13.4430101120358,-1.2525186676578701,12.924492887243925,-1.6783685837389242,12.191387252869342,-2.091100952597164,11.248309463086098,-2.4827824498156223,10.103793786184822,-2.8453008636877883,8.770386630616866,-3.1703824198059567,7.264731589774405,-3.449607552838791,5.607646218653793,-3.67442526356351,3.82419128384828,-3.836166188708066,1.9437331619217384,-3.926054500972954,0.0
251,4,-1.1812652573194444,2.367745879638889,-1.2162267273191962,2.3659558034465897,4.999074792276969,5.00590546590684,8.869071945713603,9.473025678902316,-0.0,-0.0,-0.008099553023364958,-0.006166948445789307,0.06995277206599028,0.006247708667462191,0.20897233821551325,0.07393468191454516,0.38599397116066236,0.22154056497095237,0.5804176795206774,0.4628151943094173,0.7741245627227908,0.801824498809537,0.9515613620931941,1.2342135098001532,1.0997930088617216,1.7485036541339334,1.2085234066024626,2.3274083521090123,1.270085518180273,2.949151271796804,1.2794025763827275,3.5887723177203,1.2339228769619819,4.219407506319952,1.133531123937522,4.813530243428709,0.9804396687407773,5.344143102767313,0.7790632140205848,5.785910938472713,0.5358806439184466,6.116227978412923,0.25928760595011535,6.316213371804964,-0.040556679101720464,6.37163144432976,-0.3518851445558485,6.273734595163635,-0.6614782212773133,6.020028311867734,-0.9548162398378627,5.614959150364014,-1.2162267273191962,5.070527708399252,-1.4290248384091897,4.40682960207375,-1.5756455580956694,3.6525282352140365,-1.6377666913165267,2.8452637371460274,-1.5964220030017042,2.0320028483028567,-1.4321041827741436,1.269334772011932,-1.1248575777836596,0.623718104579963,-0.6543608628925945,0.1716839258020248,-0.0,0.0,0.5164610077960675,0.13138770870319097,0.975780910640585,0.5069302702845345,1.3735629818884765,1.0969055640701713,1.7066256072751023,1.8697003927246962,1.9729187192754345,2.7923970885268448,2.1714420664931264,3.831318760713433,2.302166064339511,4.952534295423305,2.3659558034465897,6.122324549690106,2.3644986410887,7.307611430572354,2.300235668708673,8.476351729313313,2.1762972351096748,9.59789769782499,1.9964426091218845,10.643326419915955,1.7650037863601677,11.585740051127361,1.486833380600943,12.400538986731267,1.1672564897447366,13.06566997453856,0.812026387677744,13.56185112402135,0.4272838650085379,13.872775681429706,0.01952002211423685,13.985296346848987,-0.40445769423195804,13.889591807540882,-0.8375564254551738,13.579317055800493,-1.272426022944201,13.051738951689892,-1.7014845701737675,12.307858383582028,-2.1169415125848188,11.352520274192756,-2.5108185945761807,10.194512578009991,-2.874968793291691,8.846655318714062,-3.2010934281296035,7.325880622994988,-3.4807576134936586,5.6533046205419435,-3.705404210600523,3.8542919991403743,-3.8663664224365633,1.9585139288395887,-3.9548791644348915,0.0
252,4,-1.166479381375,2.372939086611111,-1.1893560619872792,2.3458293666518046,4.9999044860268995,5.00661895139713,8.758057931952417,9.49380298588731,-0.0,-0.0,-0.015247627563839367,-0.008016072578805176,0.05706973902570988,-0.000664862866041338,0.19161643621471572,0.05941280084446764,0.3652888575180341,0.19745925798404293,0.557367913830395,0.42775549792422396,0.7496383080128531,0.7548446578146142,0.9264732319618644,1.1748065474714455,1.0748842252217365,1.6765658011641955,1.184536999609839,2.2432163958314084,1.2477349865358296,2.853345921111842,1.2593731664103947,3.4823440724153447,1.2168653692171945,4.103681282903683,1.1200486812698616,4.690145123991263,0.9710688565673757,5.215023994775335,0.7742507232552633,5.653229599825941,0.5359575155551892,5.982351700850046,0.26444287349992573,6.183640550693626,-0.03030103588739293,6.242914220750897,-0.3366961838442992,6.15138967175447,-0.6417294470645228,5.906437863467614,-0.9310992219619585,5.512264434095821,-1.1893560619872792,4.980518499628653,-1.4000359292852151,4.330832930560017,-1.5457850389455843,3.5913000696545145,-1.6084756237980564,2.7988872761857317,-1.569312254678324,1.9997969395005497,-1.408928612882488,1.2497757199525954,-1.1074748280825268,0.6143777708913313,-0.6446956681210939,0.16918659371945755,-0.0,0.0,0.5094997145521919,0.12958837755130742,0.9632620141539474,0.500203065342511,1.3568495609909796,1.0828146451782807,1.6870169918544256,1.8464764364344561,1.9516299187762032,2.7589001536120707,2.1495861933704252,3.7869916022620123,2.2807400218359333,4.897347698590917,2.3458293666518046,6.056716352947276,2.346406940363754,7.232420941914767,2.2847749855712776,8.392751217836114,2.1639239419571394,9.507322577609,1.9874750243896573,10.547405643162435,1.759626674088684,11.486228101947555,1.4851047958600199,12.29925072401768,1.169116656784693,12.96441941893052,0.81730829389442,13.462395126060047,0.4357252587793741,13.776763250460318,0.030776514396270306,13.89422426696504,-0.39079870764907404,13.804767020879572,-0.8219612834621319,13.50182615698996,-1.2553999997136833,12.982425011737055,-1.6835569717266732,12.247305207903091,-2.098650859271624,11.301044098277695,-2.492698054713581,10.15216111543589,-2.8575320092358867,8.813213999632543,-3.1848208532607107,7.300885796334572,-3.4660834572148453,5.63606343933622,-3.692704068707474,3.843908664848268,-3.8559456521947504,1.9539219364243512,-3.946962047456993,0.0
253,4,-1.2183427885138889,2.3848110768402777,-1.2087763236022209,2.339473571082901,4.9975812519507405,5.005657329666358,9.14745420549426,9.541301186292891,-0.0,-0.0,-0.006211350631302905,-0.005637825173027752,0.0724930621769996,0.007929952903765289,0.21118825880940514,0.07684143244543219,0.38715439632609067,0.2253169709451893,0.5800196926726617,0.46679865861356973,0.7718740593329462,0.8051540188028707,0.9473518003954057,1.2359288402959867,1.0936826715282475,1.7476334591651033,1.200711507058757,2.3230466850789795,1.2608874769228806,2.9405218877340547,1.2692247940335115,3.5752804842102694,1.223237331112124,4.2006791433777275,1.1228501076203696,4.789438384332767,0.9702909643549774,5.314821821469378,0.769965955972707,5.751757026651188,0.5283220677066107,6.077890768540542,0.2537008149708992,6.274573185195393,-0.04381386936167051,6.327767190949295,-0.35255029579413083,6.228881064021109,-0.6594033694325453,5.975523669098641,-0.9499861258110384,5.572183111497613,-1.2087763236022209,5.030830778586633,-1.4192563534557445,4.3714536913271305,-1.5640451032216809,3.6225188633816563,-1.6250207828062841,2.821373953402326,-1.5834340475857864,2.014588909272372,-1.420011061074089,1.258243556652118,-1.115046401285111,0.618166196256184,-0.6484859390152036,0.17012826444267168,-0.0,0.0,0.5115798406315272,0.13015621971115285,0.9663313632418287,0.502101297122713,1.3599388912742398,1.0862902268951604,1.689291100637616,1.8513247405998594,1.9523979208257602,2.7645346538201307,2.14830917371621,3.7925180632559132,2.2770357016495666,4.901641457802159,2.339473571082901,6.0585011413528775,2.3373317899024877,7.230347620448885,2.273063845886799,8.38547479554558,2.1498032607041817,9.493575919427137,1.9713032575900111,10.526068358741044,1.7418805604921468,11.456389222972737,1.4663632767686885,12.260263917065858,1.150042763084579,12.915949636303436,0.7986293335271587,13.40445576127066,0.4182116386792973,13.709743032258547,0.015219523025522107,13.818903291153793,-0.4036098457314079,13.722321478809853,-0.8312627893533807,13.413821470573007,-1.2604770899773423,12.890797224909667,-1.6837673336515748,12.154330612270979,-2.0934478358172828,11.209297185283587,-2.481653350506789,10.06446104849421,-2.840357755678601,8.732559887285339,-3.1613908965170228,7.230381121975823,-3.436453757155539,5.578830065024967,-3.657132119518493,3.802990876960203,-3.814908856119365,1.9321810402672595,-3.9011749919444134,0.0
254,4,-1.2403710418333334,2.3588435733125,-1.2214770514781483,2.354433430274514,4.999797678829129,5.005635741858895,9.31284480029758,9.437408775434534,-0.0,-0.0,-0.007066704675909925,-0.00591842852325143,0.07218258273568742,0.007307933004163551,0.21242559728686689,0.07641738892358198,0.3905661999445263,0.22603654337674853,0.5858897393161133,0.46983347206779646,0.7801866579259635,0.8117407395851947,0.957842404623874,1.2472318541666336,1.1058928210705,1.764634058876415,1.2140452551349834,2.3464602154151537,1.2746666643423439,2.970742919886759,1.2827408637187285,3.6123548499693396,1.2357978110324748,4.244300611667359,1.1338183873193488,4.8389669490604525,0.9791185128634606,5.369320012616075,0.7762166410551491,5.810040359592978,0.5316887070558058,6.1385883965253125,0.25401449477450955,6.336194989560356,-0.04658085079673282,6.3887738956241815,-0.35828677073173165,6.287754451327186,-0.6678657028263115,6.03083455653316,-0.9608073993801924,5.62265537875963,-1.2214770514781483,5.075400369041476,-1.4332555703415713,4.409322116834028,-1.578670806261996,3.6532012875826596,-1.6395188817501491,2.844742395682146,-1.5969751692417973,2.0309114869080784,-1.4316947499838701,1.2682209606238999,-1.1239024476400237,0.6229667774639417,-0.6534727382585327,0.17142319740265102,-0.0,0.0,0.5152977654261934,0.1311106660116517,0.9731794711244994,0.5057212255418334,1.3693561970048043,1.093999260980291,1.7007475175732774,1.8642736174758006,1.965396045579998,2.7836172043524745,2.1623843386306505,3.8183876268426586,2.291754849691493,4.934727007481667,2.354433430274514,6.0990226530208504,2.3521567449229885,7.278330438658151,2.28740382687375,8.440762927636385,2.1633318963302206,9.555844331270547,1.9837164731320491,10.59483445202191,1.7528957430121248,11.531023749309009,1.4757190792347148,12.340001632397088,1.1574995773359724,12.999900024070193,0.803970428115793,13.491614159065136,0.42124493123294426,13.799002487748732,0.015779937139933635,13.909067452732316,-0.405657502784266,13.812118797763333,-0.8360205004728493,13.501920957353805,-1.2680099304551258,12.975825964635819,-1.6940994796172464,12.234893205786918,-2.1065583551137377,11.283997243502473,-2.4974718485315597,10.131924830485826,-2.8587599436025846,8.791462137536536,-3.182194143196811,7.279473130037215,-3.4594126793904874,5.616969941749184,-3.6819342583942634,3.8291760159346686,-3.8411704802815763,1.9455827109028443,-3.928437061954921,0.0
255,4,-1.2098679940243056,2.3525189608750003,-1.2185970517306832,2.351342584939673,4.999566999988177,5.00610314113295,9.083824498629086,9.412104870761,-0.0,-0.0,-0.006189991871192911,-0.005663180940533076,0.07319007014276135,0.008060432473578866,0.21304378298028376,0.07759358565610655,0.3904756567790624,0.22735415437165135,0.5849424240174608,0.4708946287460327,0.778374248590289,0.8121098294708144,0.9552638715767451,1.2464972734382613,1.102722748765776,1.7624538782742885,1.2105042448316439,2.3425924766367716,1.2709949016622915,2.9650618850643946,1.279175651887638,3.604854999183175,1.232555570517924,4.235090509096634,1.1310813257404886,4.828255273994851,0.9770258932017832,5.357396083322244,0.774860335724308,5.797251380206178,0.5311125306294686,6.125315450161889,0.2542166651762544,6.3228295092706635,-0.04564286217428112,6.375695995149465,-0.3566897770095407,6.275314116404031,-0.6657134952793847,6.019336309519326,-0.9582233149555599,5.612346656420282,-1.2185970517306832,5.066463513276918,-1.4302223664247087,4.401869584350984,-1.5756294484944264,3.6472734458514307,-1.6366141112784158,2.8403070934684083,-1.5943507106564296,2.027864468804381,-1.4294946132802198,1.266386133637635,-1.1222742100179524,0.6220953285924602,-0.6525726938246994,0.1711905971728047,-0.0,0.0,0.5146394232096906,0.1309413781988901,0.9719667454444633,0.5050802011999145,1.3676764225637854,1.0926317893776498,1.6986738607572631,1.8619649959921405,1.9629905437323374,2.780186396981384,2.1597012001363303,3.81368251979877,2.2888437487125395,4.9286213234370475,2.351342584939673,6.091414466268062,2.348935619213243,7.269142140937152,2.2841053430424525,8.429942426354554,2.1600140856543253,9.543367215749326,1.980443527742771,10.580706836293158,1.749738460476064,11.515285488836456,1.4727547146880018,12.322729613950747,1.154811135736758,12.98121124003643,0.8016454421175254,13.471668297180727,0.4193737789015282,13.778003792341295,0.014453758873869876,13.88726564208113,-0.406349226598237,13.789808852528513,-0.8359926497374816,13.479441625824798,-1.267184664280925,12.953556860772464,-1.6924093179854713,12.213250404870834,-2.103949371729894,11.263427307110806,-2.4939069282514215,10.112897217060489,-2.8542220630560386,8.774459976827998,-3.1766896385547585,7.264982359058516,-3.4529744704381815,5.6054668165909485,-3.6746250030580767,3.821113027952713,-3.8330856384113474,1.9413729475372477,-3.9197078514297674,0.0
256,4,-1.2271397701284723,2.3379878137291668,-1.2351318775018796,2.375973817691433,4.997428202467855,5.006015639895543,9.213502929404005,9.353967749188906,-0.0,-0.0,-0.006696467740108545,-0.005876892129044559,0.07394021809837764,0.00784746029237164,0.21620143957861543,0.07832141790614155,0.39665429390577783,0.23040061893877112,0.5943012928590662,0.4778271533440018,0.7907054836540199,0.8244800334223019,0.9700794037837183,1.2656792242619137,1.119337482089988,1.789525004926335,1.228112635808506,2.378254525565653,1.288738836730973,3.009598062038706,1.296202288808581,3.6581185805887086,1.2480645476898897,4.296519726238468,1.1443614066541983,4.896909145502794,0.9874816727186296,5.432006049042047,0.7820300718998411,5.876284017898737,0.5346784728859123,6.2070421704003875,0.25400942894776884,6.405399859323773,-0.04964426254569813,6.457211997721065,-0.3643606654318371,6.353903868818898,-0.6767875916383218,6.093225827223729,-0.9722968470052744,5.679929625727151,-1.2351318775018796,5.126369197026081,-1.4485473062534537,4.453029585742271,-1.5949392712862058,3.688988374574909,-1.6559658537698507,2.8723143966879014,-1.6126572204605008,2.0504087960622015,-1.445515388989921,1.2802936123906279,-1.1346037603017336,0.6288530518260028,-0.65962675070128,0.17303248378270852,-0.0,0.0,0.5200753210357858,0.1323289219245881,0.9821534614227351,0.510401896938895,1.3819322599973556,1.1040924194428035,1.7163230152732192,1.8814298866857766,1.9833646791847315,2.809184786051302,2.182140603569111,3.853411587684611,2.3126984634878527,4.979950782150753,2.375973817691433,6.154891772977907,2.373717624826437,7.344998527762468,2.308427913392021,8.518100019811058,2.1832857025540893,9.643447565286667,2.0020951880258058,10.692041187943182,1.769228140481567,11.6369271333173,1.4895724115036504,12.453468614307946,1.1684844020130203,13.119591807080962,0.8117453187405989,13.616009035955459,0.42552102390687796,13.926420993266197,0.016325270394303603,14.037699739276086,-0.40901389202906957,13.940054121443312,-0.8433847556347998,13.627179144502358,-1.2794198528370477,13.096390715117625,-1.7095213222930936,12.3487470790456,-2.125883944332122,11.389158166123735,-2.5205160379096454,10.226483959964877,-2.8852584010339624,8.8736229156635,-3.211801465672739,7.347591360560462,-3.4917008268688114,5.669594730420849,-3.7163912944491377,3.86509141635314,-3.8771996045127244,1.963849926415497,-3.965355916994053,0.0
257,4,-1.2518079818680556,2.355050012409722,-1.2369747348844016,2.3931970507384075,5.000649208766909,5.007037365015202,9.398714627906786,9.422231259909948,-0.0,-0.0,-0.00794590073068778,-0.006190725709383028,0.0715925027910308,0.006623661928970802,0.21308837733226532,0.07571577427598325,0.39321605997685916,0.22613749422833015,0.5910183605274524,0.4718636731219559,0.788041477818462,0.8170115025497798,0.9684352251550931,1.2571187431360145,1.1190174451479886,1.7804631352266227,1.2293026698279472,2.3694050522093355,1.2914961871579933,3.001735765526996,1.3004556578002902,3.652014522731685,1.2536232461664303,4.292878924328135,1.1509318611643897,4.896314733237827,0.9946895327124278,5.434873164515736,0.7894461814941561,5.882825781947956,0.541847084599299,6.217249275547358,0.2604772206429134,6.4190345218156155,-0.04429957719160899,6.473816361681174,-0.3605030916221842,6.372822408968033,-0.6746976793241442,6.113640880751385,-0.9721490556163521,5.700908891344077,-1.2369747348844016,5.14692385973454,-1.452286438013267,4.472181644456287,-1.6003232341549116,3.7058457488166603,-1.6625746007419742,2.8861524497428506,-1.6198929540087865,2.0607570173237484,-1.4525955177006429,1.2870263348851665,-1.1405556588609767,0.6322832280462214,-0.6632840280021816,0.17400769251452908,-0.0,0.0,0.5232144270181016,0.1331175494707623,0.9882904989531058,0.5135173898286157,1.3908380703042884,1.1109798095836951,1.7276951531996718,1.8934007040405791,1.9968414920701543,2.8273839646911783,2.197314537928832,3.878791223181963,2.329128509537612,5.01325032939896,2.3931970507384075,6.196624241347708,2.3912598391445568,7.395442219640515,2.325813370321885,8.577295363302765,2.2000460320722914,9.711198607433664,2.0177774936431736,10.767921337334926,1.7834023626059576,11.720288767418058,1.5018380056900913,12.54345619485069,1.1784763869635766,13.215158174798697,0.8191397454480602,13.715934582546977,0.43003991271303277,14.029335433069258,0.017741057540490376,14.14210622522175,-0.41087436210408196,14.044355469321058,-0.8486366611295282,13.729705946396647,-1.2881172221661799,13.195431137233374,-1.721654236216069,12.442578151261516,-2.1413760940230584,11.476078380787108,-2.5392226233167774,10.30484700598018,-2.906964356217763,8.941872381142936,-3.2362199995763543,7.404296243496015,-3.5184722692174066,5.7134856022791,-3.7450822372612875,3.8950970884318754,-3.907302330105622,1.9791344734451355,-3.996288103444143,0.0
258,4,-1.244557821923611,2.353460989048611,-1.1977963310223354,2.3540412580668257,4.999305052269262,5.005088462822924,9.344279614461012,9.415873795946595,-0.0,-0.0,-0.015830846220255088,-0.008190278766644035,0.056544552976252195,-0.0011410640194471275,0.19169439927786813,0.058804376241495926,0.36639842238593706,0.19713250916438294,0.5598064763533451,0.4283062458331936,0.7535647437931667,0.756982951904385,0.9319076756403631,1.1792870483916322,1.0817149383672326,1.6841198408978637,1.1925337524814603,2.2544891320779272,1.256568030872002,2.8688416248728372,1.268636617994495,3.502382057743599,1.2261036581325053,4.128364352831732,1.1287846635448953,4.719341715658086,0.9788322049619259,5.2483645062099,0.780605313366668,5.690116711571695,0.5405266789702236,6.021983900595175,0.26693158381414445,6.225047552238547,-0.030087763778172474,6.285002554703255,-0.33883918187498757,6.192996420391407,-0.6461858603804782,5.94639031493705,-0.9376976536072242,5.549443334367974,-1.1977963310223354,5.013922572987652,-1.4098932419724666,4.359642407001762,-1.5565182675978346,3.6149370852576186,-1.6194393121846926,2.8170711853276784,-1.5797719199388047,2.012592781626895,-1.4180788881859818,1.2576343059468855,-1.1144599838237437,0.6181660843040508,-0.6486320582143481,0.17020743157815524,-0.0,0.0,0.512384899272609,0.13033240103882002,0.9684776177208171,0.5029956827193124,1.363833909084029,1.0886805660942565,1.6952183694342404,1.85616136861528,1.9605211107972194,2.7728795151288654,2.1586766954276655,3.805485920634442,2.2895859676725827,4.920343541587977,2.3540412580668257,6.083991669509343,2.353655293796907,7.263573741954786,2.290794029987782,8.427230582222483,2.1685135160068323,9.544461060545535,1.9905008284554644,10.586452205291536,1.761019035902708,11.526380791244907,1.4848561078384193,12.339688400885203,1.1672776399532134,13.004331900249197,0.8139832379453402,13.50101119914008,0.4310663809936559,13.813376080945385,0.024977572348338837,13.928213794194306,-0.39750942314019255,13.835618999575898,-0.8293284574697958,13.529147565184559,-1.2631491956794505,13.005955601445335,-1.6914028273872468,12.26692502722037,-2.106305484827693,11.316776861328043,-2.4998795504328295,10.164173340098419,-2.86397302774127,8.821809872343202,-3.1902771394269918,7.30649775870139,-3.4703423058541447,5.639238523012047,-3.6955926470538856,3.8452906292896563,-3.8573391405945414,1.9542292890429263,-3.946791557637161,0.0
259,4,-1.213668133673611,2.3462199502916667,-1.2566555918369842,2.4138669614462662,4.997177544538903,5.005685233922719,9.11235637302784,9.386903395585504,-0.0,-0.0,-0.004790813360827633,-0.00539173903695305,0.07766439768237995,0.009739139041610403,0.22184073037407442,0.08254736801937476,0.4043959649897137,0.2379632691138421,0.6043392903549154,0.48982749708451034,0.8031690819124144,0.8421025389165244,0.984977232798424,1.2901448210321973,1.1365186513989916,1.8220203079250938,1.2472456590360954,2.419846062816852,1.3093080919543958,3.0611403785649163,1.3175208828852754,3.7201647369664332,1.269301729452376,4.369241956709837,1.1645821217426036,4.980036367491891,1.005695484231545,5.524783612442083,0.79724648475266,5.977459640606834,0.5459656829169268,6.314880514645326,0.26055364867011355,6.517726740954227,-0.048481498716642916,6.5714878549263025,-0.36898947324746867,6.467324900192007,-0.6873428442539581,6.202850178607439,-0.9885988470376831,5.7828251827480175,-1.2566555918369842,5.2197789336639975,-1.4744007477440202,4.534550024895309,-1.623851232189276,3.7567565210490157,-1.6862828626423387,2.925198486002873,-1.6423493143129986,2.0881983388936485,-1.4721900687909544,1.3038844768520277,-1.155527330055934,0.6404236859973468,-0.6717521253019656,0.17620781164823307,-0.0,0.0,0.5295092418589861,0.13473607442542362,0.999788937123386,0.5196301891457328,1.4064348440660712,1.123912416399546,1.7462963178577562,1.9149278229011766,2.0173878151352787,2.858741081198934,2.2188023832368806,3.920697291720737,2.3506279398693484,5.065940217544256,2.4138669614462662,6.25988948902715,2.410360032729644,7.468678602232183,2.342713566678246,8.659555724565225,2.214231880808752,9.801249443989061,2.0288537136598412,10.86430166485246,1.7910931805303156,11.821369873338085,1.5059850997629296,12.647500977493557,1.1790345676054126,13.320378878563982,0.8161706192418606,13.820547858755171,0.4237037841584929,14.131613781573224,0.008287323903512516,14.240424999586942,-0.4231180720267964,14.137234755113983,-0.8632763623916079,13.815846745471676,-1.304705233522902,13.27374540893307,-1.7397024095336628,12.51221237268038,-2.160369414826515,11.536430391638433,-2.5586330016201746,10.355575998457404,-2.9262644448621966,8.982901981085666,-3.254896895444387,7.435810706016861,-3.536040970533452,5.735919212843676,-3.7610987474377215,3.90911691943747,-3.9213763150371457,1.985616696965428,-4.008095024630547,0.0
260,4,-1.1984371824027777,2.3549377520833334,-1.1956222101768705,2.38648930207582,5.001622914360682,5.007331867051123,8.998000683833006,9.421782121780833,-0.0,-0.0,-0.0205780596467785,-0.0094049037905163,0.047879568649684665,-0.005749492147790248,0.1802013918852039,0.04910696249834384,0.35332528170408045,0.18123962388378462,0.5464574849280697,0.40575361010897976,0.7412042406491942,0.7279522805357661,0.9216737393099883,1.1445639933050242,1.0745470281303442,1.6450121185824833,1.1891173586247124,2.2127126175541467,1.25729834679682,2.8263834652510207,1.2736021384942373,3.4613505889616016,1.23508950948501,4.090835778624032,1.1412944563101646,4.687213152047111,0.9941263312585231,5.223222165829553,0.7977529319993768,5.673126784779261,0.5584681703111588,6.013812187315978,0.2845480190260931,6.225812220858206,-0.01390161780650363,6.294262662302469,-0.32510163388788904,6.209777123705389,-0.6357578324187848,5.969244120256483,-0.9312175380235135,5.576545344924083,-1.1956222101768705,5.043196541106763,-1.412053971916489,4.388913511601021,-1.5626743886350871,3.6421067400233498,-1.6288542438991844,2.840308829696938,-1.591293448224105,2.030539493074955,-1.430130571614534,1.2696131664838697,-1.1250418039071215,0.6243944994092459,-0.6553294141618558,0.17200699675621012,-0.0,0.0,0.5183340635901963,0.13182067208638173,0.9802164022723796,0.5089180141194612,1.3809584668661328,1.1018400690264598,1.717124466492803,1.8791073118971156,1.9864472480623931,2.807817968637699,2.187745411628493,3.8542115422232848,2.3208425486741358,4.984191394458603,2.38648930207582,6.163807626869323,2.3862887768874304,7.359701810506235,2.3226256813439576,8.539515340741806,2.1985994478067012,9.672263349589517,2.017961473219105,10.72867620460448,1.7850565269368663,11.681510669541257,1.5047682990922593,12.50583280652591,1.1824690032838143,13.179274670634756,0.8239729015788085,13.682266792688544,0.4354935857971016,13.998248371105879,0.023604825086505885,14.113857004269555,-0.40479522571634036,14.019099695665764,-0.8425166710034303,13.707506758902786,-1.2821075895856753,13.176270141742455,-1.7158810356269523,12.426367579997661,-2.1359395358311306,11.462673885530657,-2.534197285857982,10.294060569124198,-2.9024002395665707,8.933484899790589,-3.2321442740655235,7.398069407898714,-3.5148916021781815,5.709172750829648,-3.7419855921993217,3.8924527769921005,-3.904664143036833,1.977922547040123,-3.994071751232221,0.0
261,4,-1.1913118080972223,2.350174223416667,-1.2297563060759964,2.4135515023690384,5.001672395486348,5.00603212431508,8.944502574949727,9.402723898611882,-0.0,-0.0,-0.013985639864842392,-0.007741627605355367,0.0606345639074486,0.0007713937308226702,0.19854749008848108,0.06343003366720405,0.3765412791105301,0.20598638972033786,0.5736755628815343,0.4431479644339843,0.7714238430000919,0.7797502329258095,0.953785151436987,1.211992820039103,1.1073630943882573,1.728723411722312,1.2214114003083012,2.3127528295248494,1.2878461155050687,2.9421845141761955,1.3012255651719358,3.591741982509829,1.2587000795000625,4.234078606074771,1.1599342367081518,4.8410552536876335,1.0070049706369268,5.384972871978512,0.804279314313119,5.839748865092422,0.5582757981591934,6.182028089531652,0.27751359830674094,6.392221315512298,-0.027646548357019716,6.455466040305111,-0.3451658585118208,6.3625064992212,-0.6614919626134491,6.110491545651153,-0.9617212272043081,5.70369071608706,-1.2297563060759964,5.154130226858008,-1.448456761715986,4.4821518477512665,-1.5997810737132048,3.7168985577466467,-1.6649188070106484,2.8967316145577744,-1.624412134913289,2.069584176043619,-1.4582662888894076,1.2932569177808348,-1.146048832937153,0.6356612214088228,-0.6669779318142643,0.1750154893178557,-0.0,0.0,0.5267285589125823,0.1339890577723678,0.9953695662225689,0.5170397721609941,1.4013220259899586,1.1189034946635037,1.7412518553576097,1.90735147567992,2.0130042966595907,2.84878637967295,2.2155179115042563,3.9088103600982267,2.348741051946109,5.052750717716998,2.4135515023690384,6.246144562176216,2.411679806708021,7.455184197847199,2.345636639646981,8.647125172274514,2.2186444470162754,9.790659070630232,2.034573468656636,10.856253223327506,1.7978821649326535,11.816459526769163,1.5135619939988703,12.646194568569765,1.1870864288372955,13.322993206995864,0.8243640589625432,13.827237687308457,0.4316955895517577,14.142364291645176,0.01573452873676525,14.25504941956888,-0.4165486598185535,14.155376888057926,-0.8578991686852644,13.836988126330098,-1.3008074536657106,13.297216825561172,-1.737536063849868,12.537209488722619,-2.1601439162165,11.562033213316191,-2.560508227486453,10.380771931149862,-2.930344305443534,9.006612225510356,-3.261223390320818,7.456919747848353,-3.544588724583683,5.7533071638414,-3.771770016904762,3.9216944726637117,-3.9339964536165684,1.9923624635279795,-4.022408398671228,0.0
262,4,-1.1981742663472223,2.356471255423611,-1.2425230459069596,2.402928651821676,4.997351504671044,5.00468163611345,8.99602668062081,9.427917457775314,-0.0,-0.0,-0.012382207047055957,-0.007405518183052022,0.06500696010735904,0.0025684002100991527,0.20615712382221857,0.06821585047873248,0.38729066990470784,0.21537602861985636,0.5870366035822165,0.45859441188391237,0.7865707726879152,0.802362585516128,0.9697200368378979,1.2424192426360905,1.1230292100064634,1.7670939847898726,1.2357908412784198,2.358675275629945,1.3000390599513434,2.9947842273189234,1.3105097414402715,3.649736776359719,1.2645701074567428,4.295878155940144,1.1621215304455768,4.904875301462656,1.0054797562978357,5.4489548308378355,0.799236993235974,5.902076415136169,0.5501103530198859,6.241033596416002,0.2667809972081898,6.446476325824756,-0.04027193360702484,6.503851607940987,-0.35893891241273895,6.404260584383484,-0.6756459018135051,6.145232125508511,-0.9755157738141546,5.7314144946658905,-1.2425230459069596,5.175187891292608,-1.459640207924701,4.497201666506685,-1.6089743869808661,3.7268407478878136,-1.6718935281084197,2.902626326908149,-1.6291416472367541,2.072556176655778,-1.4609430364700835,1.2943901059783172,-1.1470955683329893,0.6358860471779914,-0.6670534575640553,0.17499214586227846,-0.0,0.0,0.5260887774137484,0.13385398278268834,0.9935875542509361,0.5163163408092121,1.398073229419904,1.1169324220697805,1.73637054326966,1.9033517412840444,2.00646291248602,2.841929520904973,2.2074058017523925,3.8982842504035395,2.3392433332282994,5.037812715634807,2.402928651821676,6.226164253791388,2.400248406094756,7.429676207882135,2.3337515703828644,8.615772700064134,2.206682721707271,9.753328927057456,2.0229197933720937,10.813003213937323,1.7869162536187015,11.76753905445253,1.503647600185838,12.592039325203203,1.178562017948995,13.264214794982681,0.8175350149552838,13.764608965758963,0.4268278302475344,14.076801183571492,0.013049393175744299,14.187589850582615,-0.416878393096507,14.087157457374007,-0.8557522728038216,13.769219040329086,-1.2961163898281092,13.231155554979969,-1.7302883914816602,12.474133544378061,-2.150383096100461,11.503212373269232,-2.548333926797756,10.327440195139761,-2.915912302663583,8.959939720753345,-3.2447451669539973,7.417984764071885,-3.526330819761303,5.723068454687924,-3.7520532105817,3.9009639251736603,-3.9131948343206857,1.981778207024375,-4.000948362764696,0.0
263,4,-1.1790215091111111,2.3416968799791666,-1.233755086786623,2.400332744267942,4.999831999237361,5.005824496946432,8.852225632690793,9.368807213226471,-0.0,-0.0,-0.012796806620136292,-0.007474083463549312,0.06349061767221156,0.0020394423409003134,0.20314150357448219,0.06656488990045263,0.38263153458198074,0.2118076409353399,0.5808018578499549,0.4522958792444407,0.7789964578422777,0.7925990427126653,0.9611654883450589,1.2286065287038839,1.1139332856353532,1.7488492651859016,1.2266309181056005,2.3358464054700585,1.291294207945564,2.9674596054736306,1.302629137701866,3.61823805975312,1.2579473876949114,4.260738643959211,1.1570754104554255,4.866807057038658,1.0022409196279334,5.408807685441688,0.7979409500101284,5.8607919280326195,0.5507957408751711,6.199596829954512,0.2693926242244222,6.40586798859102,-0.035876112157736555,6.465002737954088,-0.3529777410680579,6.368011525783769,-0.6684027516545258,6.1122971218590045,-0.9673248619478331,5.702352803231781,-1.233755086786623,5.1503819335640255,-1.4506880409186926,4.476842383693333,-1.6002391184669573,3.7109200341415645,-1.6637716167039964,2.8909361713047987,-1.6220132538803564,2.064693957610545,-1.455161861611366,1.28976934616272,-1.1429803095867936,0.6337518485887166,-0.6648809446169447,0.17444047769208837,-0.0,0.0,0.5246778270073209,0.13348271925735883,0.9911830321710001,0.5149749625142624,1.3950373694920661,1.1142170070658968,1.7330106919741612,1.8990257173634681,2.0030333053742133,2.8358966107121284,2.204110492741223,3.8905626072744632,2.3362399568872885,5.0285107447016575,2.400332744267942,6.215458464389807,2.3981380535615235,7.417791317078851,2.332172194936847,8.602964101899165,2.205651850354156,9.739867556184409,2.022431689600318,10.799162763835312,1.7869463192107207,11.75358545727043,1.5041564799592633,12.578222360580739,1.1794993611787736,13.250761666947009,0.8188428648483563,13.751719668213983,0.42844362731212177,14.064645464325096,0.014908589986713293,14.17630557980258,-0.4148400990467064,14.076850207507382,-0.8535970744330518,13.759962689708493,-1.2939028550206542,13.222993735582072,-1.7280702742512892,12.467081764651043,-2.1482084493529388,11.497260658901984,-2.5462444903509662,10.322556103521897,-2.913943139696585,8.956071598199312,-3.242924522238668,7.415065128275876,-3.5246801737283895,5.721017398043198,-3.7505875043572017,3.899692447306895,-3.9119228422285968,1.9811913969969763,-3.9998731903380014,0.0
264,4,-1.1916667955659723,2.365257429611111,-1.2289915540105858,2.370800594794883,4.996737537457481,5.005853068854536,8.94716786065136,9.463069732524572,-0.0,-0.0,-0.006352834714420887,-0.005751415829252417,0.07382540128973396,0.008057541302600507,0.21510502166507706,0.07824505824216729,0.3943012135133844,0.22946864388694646,0.5906278677941186,0.47538732540940587,0.7858190262906942,0.8198927526741137,0.9642163534642451,1.2583925761158534,1.1128221171145003,1.7791289372520818,1.2213181922661587,2.364514913464862,1.282052543108786,2.9924722555785186,1.2899954521440267,3.6377546936234237,1.242668428402553,4.273242393134957,1.1400492231101373,4.871194741482622,0.9844567075085598,5.404450446539706,0.7804195291407873,5.847565854396671,0.5345324730904727,6.177884359468188,0.25530433261015106,6.376531718126375,-0.04699913769124723,6.429333925432829,-0.36051392849971076,6.327656025221451,-0.6719352595290172,6.069161760834659,-0.96667136798059,5.658495313609369,-1.2289915540105858,5.1078875064155085,-1.4421668561318925,4.437689767747257,-1.588602131402,3.6768398638826576,-1.649958687275473,2.8632639247626597,-1.6072669463762947,2.044219630518887,-1.4410289175118722,1.276585610112463,-1.131310494017392,0.6271021530868931,-0.6578238041856673,0.1725682721680476,-0.0,0.0,0.5187891997889031,0.1319966054527545,0.9798223708812164,0.5091559581477266,1.3787633062704137,1.10146351204073,1.7124924520740514,1.8770443459650688,1.9790221431868464,2.8027502277761243,2.17741395104274,3.84470479202114,2.3076988312202125,4.968808066359578,2.370800594794883,6.141201884045096,2.368463083315848,7.328697944902824,2.303181302702157,8.499170445233718,2.178136665344859,9.621915297472784,1.9971364010171422,10.667978012207739,1.7645571243670342,11.610452326630547,1.4852924881981269,12.424751642179562,1.16470480579772,13.088855286753933,0.808580490637215,13.583531549352108,0.4230891363049419,13.892539352418858,0.01474604209681941,14.002810333950254,-0.4096220210338332,13.904613011184312,-0.8429080146678185,13.591700593547722,-1.2777530184873487,13.061443906929549,-1.7065720056429252,12.314950786308131,-2.121577210786441,11.357173190835539,-2.514799286014331,10.197003195882422,-2.878106430851179,8.847358921152006,-3.2032216722781155,7.325261363403937,-3.481738460065591,5.651903016994927,-3.705134731624869,3.8527090855672967,-3.864785589501497,1.9573920138850716,-3.9519747236954506,0.0
265,4,-1.2325183459375,2.38174383090625,-1.197651342594828,2.3317047052734337,5.000396754173728,5.005630683730029,9.2538858793978,9.529029557083684,-0.0,-0.0,-0.008239288675704655,-0.006181915863978238,0.0691300703228112,0.006016860554585649,0.20685860831899372,0.07299516492019589,0.3820067365462474,0.21909848870176715,0.5740752086310603,0.4578078313379385,0.7651038435478286,0.7929858953971055,0.9397378493955931,1.2201645519024862,1.0852619839046698,1.7278573989386365,1.1916036205123064,2.298881566147918,1.2513065281623685,2.911673641429466,1.2594777948983682,3.541585660992042,1.2137108140995658,4.162148446907448,1.1139876003641405,4.746291128684237,0.9625639098926312,5.267507376589635,0.7638407149731208,5.70096063587803,0.5242255366115554,6.024522419181544,0.2519869903734401,6.219739433013843,-0.0428943324662142,6.272726936704492,-0.3488758228392722,6.174987221229666,-0.6530011649621,5.924153424681191,-0.9410448786793628,5.524660053708212,-1.197651342594828,4.988342548348754,-1.4064669120283741,4.334969011230064,-1.5502640919835258,3.5927078275940314,-1.6110570444633123,2.7985353414559597,-1.5702079957287562,1.998588040511713,-1.4085243589935514,1.2484638555783891,-1.1063466002298508,0.6134772179858492,-0.6436270495787632,0.16887245926383354,-0.0,0.0,0.5080988798399018,0.12925458307674034,0.9601338048475415,0.4987478840933609,1.3517936937071569,1.0793193314992204,1.6799466988094003,1.839950992138272,1.9425601297314408,2.748337096604328,2.138622458316022,3.7714140188859804,2.268067997595946,4.875851905414585,2.3317047052734337,6.028509408656864,2.3311454379685226,7.196853173918362,2.268742874633205,8.349343863495358,2.147528235610789,9.455790587889842,1.9711538467381127,10.487675657178196,1.7438395343937796,11.418451573910852,1.4703227861425026,12.223812168577231,1.1558125712371443,12.881939735473917,0.8059466843589858,13.373729965856144,0.4267524533032356,13.682996400958642,0.02461063563293116,13.796656043637325,-0.3937776804887902,13.704897677218755,-0.821421361032842,13.401334346328063,-1.2510668871478927,12.88314135919622,-1.6752235810926543,12.151181076000782,-2.086186580998681,11.210115654573471,-2.4760577418881557,10.068508834399768,-2.8367646324759357,8.738917753048595,-3.1600777884341165,7.237975706586802,-3.437626373339763,5.58646668753912,-3.660912388748095,3.80939246078068,-3.8213235649639983,1.936032869495558,-3.9101450543062968,0.0
266,4,-1.25773900575,2.3747735635833336,-1.21664514133729,2.3200690452671355,4.999671158532436,5.005559962050098,9.443245419949276,9.501142475996726,-0.0,-0.0,-0.006844413438205537,-0.0059200532809150636,0.07355921261879493,0.007684306243256118,0.2151490783665971,0.07782327966044361,0.3943045886519249,0.22907997474710073,0.5899837569501667,0.47486690626224926,0.7838229761604107,0.8187418252088111,0.9601989148301235,1.255763950158099,1.106253445381434,1.7738718445656685,1.2118835281716682,2.355264897892773,1.2696988263624787,2.9777715505322457,1.274950489623281,3.6161889639050466,1.225435010883439,4.243580680874567,1.1213773328702434,4.832520849725781,0.9652974732417621,5.356275703475735,0.7618648695986338,5.789915109943718,0.5177444444931524,6.111349063343721,0.24143808435567204,6.302285915438082,-0.05687515589426664,6.349110898283558,-0.36549724113716914,6.243685040357938,-0.671365309294681,5.984065905681022,-0.9601998166275413,5.575152685424869,-1.21664514133729,5.029259047197097,-1.424401521589466,4.366617810145861,-1.5663475752828497,3.6158219814168686,-1.624652975631578,2.814206982214195,-1.5808811361952877,2.0081790328049323,-1.4160819912058265,1.2534946789876655,-1.1108751436754838,0.6154963511201753,-0.6455237980276315,0.16930867281005121,-0.0,0.0,0.5085712928777497,0.12941662363691503,0.9601313458303153,0.49906242995118133,1.350580903824042,1.0793563804184805,1.676992193936391,1.8389642515598887,1.9375245813054955,2.745363171145924,2.1313433565008917,3.765364742855802,2.2585421144649813,4.8655984464212345,2.3200690452671355,6.012957194484379,2.3176573379119696,7.1750070569279485,2.253759798868008,8.320363238387351,2.1314877051103003,9.419034424320275,1.9545538454579947,10.442737603780593,1.7272196519675085,11.36518544038472,1.4542462832884997,12.162348203405417,1.1408494924709855,12.812692194126484,0.7926580911196848,13.297396513352227,0.415675808561954,13.600549918327468,0.016246337517124742,13.709329414635745,-0.3989786445303588,13.614162123634255,-0.8230686874525429,13.308871860842121,-1.2488412186774365,12.790811757143949,-1.668885829155651,12.060984154021241,-2.075586384231446,11.124148907260185,-2.4611411388595656,9.98892114140117,-2.8175810261917165,8.667859410056968,-3.136786277757899,7.17754513540439,-3.410501522559449,5.538654123768925,-3.6303495015845555,3.776020883273035,-3.7878435237147503,1.9186964039126777,-3.8743987788328673,0.0
267,4,-1.2203925260416666,2.380235627326389,-1.1961692131823745,2.3342871921863257,4.999278745606502,5.005269477424261,9.162843864583149,9.522995441951696,-0.0,-0.0,-0.014809273709176275,-0.00796361174196561,0.058971970351605334,-5.647530455469695e-05,0.19541618510091843,0.06143894140558405,0.3709759424424415,0.20186495451759123,0.564621775486125,0.4354146495933751,0.7579443540612947,0.7664179067001672,0.9352207004145461,1.1906695129078615,1.0834451995478598,1.6967815294682735,1.1923270876244862,2.2675426960539142,1.2542568824661948,2.8812686979467013,1.2642448341703916,3.5131285147500475,1.2198349142482656,4.136433725548494,1.120998131402888,4.72387947900059,0.9700090724302257,5.24872776481395,0.7713095353625907,5.685925569926457,0.5313629707447383,6.013152402972099,0.2585031999386388,6.21179347028243,-0.03721943883417463,6.267836444038398,-0.3441917317927352,6.172691248610497,-0.649388625195837,5.92393358628991,-0.9385196614597928,5.525974020279028,-1.1961692131823745,4.99065533129231,-1.4059292833953505,4.337781571638665,-1.5505239821730106,3.5955827696854117,-1.611925096479826,2.8011196043037283,-1.5714584385333201,2.00063259171836,-1.409900886854726,1.2498404256778102,-1.107568224184008,0.6141921056846495,-0.6443940294646994,0.16907739619306608,-0.0,0.0,0.5087516992000154,0.12941932247149543,0.9613840867349214,0.49939141237033424,1.3535560389318682,1.0807200660687453,1.6821153450365882,1.8423391943226757,1.9450169567288431,2.7518867539040337,2.141243640863272,3.776238379788471,2.270729562661941,4.882002057297398,2.3342871921863257,6.035975402850479,2.333537810309198,7.20556728852252,2.2708457906655584,8.359185658093875,2.1492567499927135,9.466593448880342,1.9724395895152989,10.499234561828086,1.7446323931552685,11.430531818961759,1.470592102898418,12.236158818355761,1.1555478562107906,12.894287547716402,0.8051578436211828,13.385813553081205,0.42546952521238823,13.69456038307271,0.022883031641167242,13.807464944996772,-0.3958824326053343,13.714745319710616,-0.8238193696378951,13.410052489971457,-1.253660138361307,12.89060734384718,-1.6779026579266474,12.157324222275625,-2.0888338431892888,11.214922189222403,-2.4785509445607734,10.072025115044342,-2.8389809570991424,8.741251579316835,-3.1618982553237975,7.239295519023112,-3.438940601370834,5.586998471962641,-3.661623664969614,3.8094141937046313,-3.8213541845198558,1.9358663594737868,-3.9094418894369456,0.0
268,4,-1.2192327760972224,2.381257628416667,-1.2095895973440836,2.32962244629521,4.994361489330605,5.005496247043136,9.154136332017892,9.52708432777991,-0.0,-0.0,-0.015507978706777486,-0.008200314106169181,0.058897211723090835,-0.0005345968353050664,0.1969433568015783,0.061290515431792696,0.37473152251236247,0.20301835399956306,0.5708920104600724,0.43906935522190355,0.7667030749531861,0.773836945055711,0.9461711629406803,1.2030331871313753,1.0960727297256458,1.7150649165715222,1.2059588853077075,2.292421413732877,1.2681251830326519,2.913055570689891,1.2775497332754826,3.551741885261302,1.231803485305285,4.18139638293182,1.1309369611780768,4.774345607917479,0.9773479517075527,5.303534031757467,0.7756347134164704,5.743661497789475,0.5324390629117112,6.072244560210661,0.2562834830588937,6.270597709242456,-0.0425940320708003,6.324732437922248,-0.35240412512467933,6.226173857157449,-0.6599664459266152,5.9726960763764065,-0.9508639836093855,5.568978824865877,-1.2095895973440836,5.027188793967564,-1.4196834507047114,4.367489943273794,-1.5638604802961544,3.6184875530705156,-1.624127404196471,2.817611144007031,-1.5818890959764604,2.011441549826795,-1.4180444148854687,1.2559874476211765,-1.1130717941622026,0.616916549771389,-0.6471050511501185,0.16974646836319496,-0.0,0.0,0.5101669106278428,0.1298098129330758,0.9633897125086428,0.5006690701133385,1.3554474832128656,1.0829986973405386,1.6833177237255479,1.8454124608906124,1.9450890512719177,2.7552942324705687,2.13987708615741,3.7793323738562146,2.267744051414258,4.884012975011281,2.32962244629521,6.036073898411117,2.3272430209743886,7.202921728424622,2.2630671684613763,8.3530138095604,2.140223758662368,9.456207591817863,1.9624503665429893,10.48407949489883,1.734038789246553,11.4102154641209,1.4597847036460658,12.210475326928796,1.1449412841254103,12.863232976271275,0.7951765785212536,13.349594311170575,0.41653442641865274,13.653594760036667,0.015398696874615213,13.762378102348737,-0.4015393791730579,13.666358192212883,-0.8273110042080528,13.359365075368698,-1.254696954006776,12.838776881288643,-1.676252271023258,12.105638765479913,-2.084328710625121,11.164770074969793,-2.4710951287752416,10.024860812935392,-2.828555988328615,8.69855838697737,-3.1485681493678492,7.202545539882015,-3.4228560972179114,5.557610281953772,-3.6430257501793273,3.7887085700913783,-3.8005769777628826,1.9250204105925535,-3.886914949416845,0.0
269,4,-1.2138779784444444,2.376709383409722,-1.173351751030869,2.3215212791865056,4.9994513007243375,5.00440579784107,9.113931911086224,9.508887424930142,-0.0,-0.0,-0.025528587454850673,-0.010769077772145082,0.040392828941678484,-0.010299115751355744,0.17151644204203134,0.04047757386060374,0.3439680579158706,0.16809129809324283,0.5363942228425103,0.3877600820166233,0.7300724274656448,0.704679149367707,0.9089838269161793,1.1153561323892622,1.059849090345182,1.608973375517786,1.1721290438175345,2.168759272996285,1.2379926579026808,2.773351641731551,1.2522556308516413,3.3981375894234946,1.2122933193722858,4.016556097031973,1.1179320739208534,4.601351494858204,0.9713231570147651,5.125768077625996,0.7768033823200126,5.564678189259014,0.5407464354812667,5.895638137805618,0.271408553841488,6.099868214334428,-0.02122811928210208,6.163154840464432,-0.32561160133844863,6.076674425742466,-0.6287730898101938,5.837739859863508,-0.9164749047926001,5.450471688903227,-1.173351751030869,4.926396932115598,-1.383044093933283,4.284979196838759,-1.5283228063097014,3.5540842595872397,-1.5912045630485194,2.7703856211021085,-1.5530577369954623,1.9797147336397818,-1.3946987807016569,1.2373606624588527,-1.0964792670786883,0.6083239022978679,-0.638363910268296,0.16752894445382902,-0.0,0.0,0.5045359315804075,0.12832534163282452,0.9538665324274149,0.495327933553235,1.3435612381045074,1.072245920208943,1.6703845591576028,1.8284044301274531,1.932213258621332,2.731792310866947,2.1279561575640025,3.749598085441691,2.2574770760960576,4.848706577274024,2.3215212791865056,5.996157869076344,2.321645678179677,7.159570415333045,2.260152938765185,8.307530227731501,2.1400295627819768,9.409948106760188,1.964887942970752,10.438386908721595,1.7389123349338271,11.366360822727405,1.4668086474555675,12.169608593140376,1.153757919394574,12.826342564877015,0.8053733271019489,13.317475356693382,0.42766054939412707,13.626825885043564,0.026981306292766953,13.741306371679272,-0.3899801180477798,13.651091874629081,-0.8162475595269609,13.349773786823985,-1.2445810551808016,12.83449865124577,-1.667502506895007,12.106093547503468,-2.0773191075105717,11.169179213300536,-2.466144701698399,10.03227197617079,-2.825919245604357,8.707875486733858,-3.1484265202509074,7.21256316495314,-3.42531024431034,5.5670521957197385,-3.648088722365236,3.7962698396516195,-3.8081681553240827,1.9294127593067882,-3.89685473040305,0.0
270,4,-1.184731017798611,2.3772195660694444,-1.1278464503055525,2.293392385797176,4.996857831856009,5.00504792819262,8.89509326382643,9.510928595597164,-0.0,-0.0,-0.03422133847917886,-0.012941908451897896,0.023211263190236957,-0.018957717906777926,0.14645410169899298,0.021224757680235174,0.31199411392549037,0.13453219257961205,0.49878377439457,0.336746199942903,0.6883417823540916,0.6337627111459065,0.864819277205443,1.0228930703984247,1.0150323057440198,1.4941897507260562,1.128462136864443,2.0317801825469104,1.19722575176695,2.615193173239822,1.2160194138091536,3.220663710859558,1.182038635910946,3.8224035074307885,1.094878118009387,4.393826366312522,0.9564153332605467,4.908719276798218,0.7706814160163868,5.3423519771410986,0.5437228673836141,5.67251952359513,0.283457367680603,5.880514107587988,-0.000473308007803582,5.952023936833894,-0.2968506130194275,5.877958411225744,-0.5930244960765748,5.655200063296085,-0.875054688172132,5.2872847877515685,-1.1278464503055525,4.785012754793827,-1.3352795701631957,4.166993093756297,-1.4803297170785061,3.4601259580120143,-1.5451815542950593,2.700025953618374,-1.5113332624311022,1.931391149443924,-1.359692346838445,1.2083220033670075,-1.070662784590302,0.5945945555639763,-0.6242237156710093,0.16389217344759172,-0.0,0.0,0.49460002586627516,0.12574741174123621,0.9361750804027597,0.4857555267313822,1.3201344804502364,1.0523133217595848,1.6430687482028734,1.795713025165266,1.9026714500989683,2.68482110537558,2.097663114774189,3.687610673925451,2.227717754380068,4.771656479238712,2.293392385797176,5.904593896963685,2.296059836863578,7.054543492400745,2.2378450269347656,8.190502848537962,2.1215648298686376,9.282707426979691,1.9506715596988045,10.302962265610452,1.729200063543347,11.224946322561289,1.4617183613882556,12.024491256669451,1.1532817369969353,12.679836395224118,0.8093901570931654,13.171861584820606,0.43594887598307885,13.48429955444982,0.039232068850003056,13.603929344818557,-0.3741506719000678,13.520752277106864,-0.7972851475191156,13.228151850235406,-1.222980842527834,12.723038870142874,-1.643796863038948,12.005983029100301,-2.052065690093417,11.081332068939352,-2.4399149089714207,9.957319580196593,-2.799287068873772,8.646162410293416,-3.1219578199349125,7.164148578502282,-3.3995524665249097,5.53171652395227,-3.6235610674700163,3.7735264455210693,-3.7853522053678965,1.9185244292575137,-3.876185538752755,0.0
271,4,-1.1892973068472221,2.3954397904375,-1.141726808731892,2.290613006409101,4.998097022869093,5.005252834256847,8.929377473783605,9.583825207855348,-0.0,-0.0,-0.03581720841406945,-0.01342355744318675,0.02177573810343591,-0.0202608836726243,0.146481371745724,0.01952457815484619,0.3143472985980057,0.1333999899861921,0.5039153255308657,0.33747438137474683,0.6963350602127361,0.6377756600100245,0.8754409842324691,1.0315753077235343,1.0277931532112923,1.5087424902546291,1.1426827487432067,2.053109658231141,1.2121046492270973,2.643832570966456,1.2306999659858495,3.2567289603698764,1.1956720862474906,3.8655816822025435,1.106680167279987,4.443394081406667,0.9657142398624455,4.963587331504417,0.7769561181053241,5.401131603756819,0.5466301979361807,5.733604997475134,0.28284798506007824,5.942176148342061,-0.004550145779370213,6.012508270696917,-0.3041528652195344,5.935584041173147,-0.6031328289260963,5.708452168051791,-0.8873964552791671,5.334897699744483,-1.141726808731892,4.82603910505659,-1.34991828809042,4.200855914903212,-1.4949022150320088,3.4866512648275605,-1.5588627705300877,2.7194540399843037,-1.5233430310244074,1.9443655223163345,-1.3693411108003901,1.2158554980202727,-1.0773966232232717,0.5980127266492516,-0.6276678341324347,0.1647545248964338,-0.0,0.0,0.49660073472302346,0.12628695854272975,0.9392759777429519,0.4876060294712328,1.3235361750478865,1.0558204498222787,1.6460882113238904,1.8008513318166766,1.904751556874035,2.6912548177715667,2.098377160491439,3.69475796942167,2.2267696192408213,4.778754904070517,2.290613006409101,5.910764917115293,2.2914006109828144,7.058854488261433,2.2313687345028628,8.192025167729442,2.113434602320852,9.280569388734893,1.9411383742518933,10.296396262368233,1.7185891824433708,11.213329388625729,1.450415080043579,12.007378669693614,1.1417167511301105,12.65698804467222,0.7980248086441314,13.143260983869293,0.4252604912222041,13.450165489904485,0.029699560432174085,13.564720255723262,-0.3820608042224109,13.477163529141537,-0.8031323151312436,13.181106132079107,-1.2263632905494728,12.673669982043233,-1.644363966251645,11.955613365123392,-2.0495295908085884,11.031444114823701,-2.4340614815475203,9.909521760266111,-2.789986208534926,8.60214962117017,-3.1091730637202355,7.125657745882574,-3.383349961981826,5.500477512756609,-3.6041179104489918,3.7512086444078676,-3.762964172306113,1.906679318739174,-3.8512742414461494,0.0
272,4,-1.1899151330555555,2.3719473663472224,-1.1125141924590771,2.275594265420442,4.996285624059418,5.004580596508645,8.934016182200452,9.489835249481605,-0.0,-0.0,-0.040402954338809145,-0.01456088859447097,0.012490334081321164,-0.02486571212290011,0.13260057404078202,0.009119188992705942,0.29619911125797954,0.11496906963038345,0.4820445947801501,0.30901171973164526,0.6714843150098322,0.5975979336135975,0.84852007276161,0.9784137648298108,0.9998394579451145,1.4418170116879083,1.1148143081864177,1.9721810467069876,1.1854688557562392,2.5492301797591175,1.2064206411458935,3.1493521484711913,1.1747976700476324,3.746874975326617,1.0901355233494572,4.315297234163979,0.954258210591611,4.828462649755992,0.7711465051439022,5.261671841423633,0.546797336498495,5.5927258541740255,0.2890775653319067,5.8028978492333465,0.007575154009358226,5.877830912585258,-0.2865496088089392,5.808361359233734,-0.5807105459710624,5.591268146950236,-0.8610377879007618,5.229950060035018,-1.1125141924590771,4.7350331826268865,-1.3191048034566935,4.124911859969179,-1.4638784839535517,3.4262268569992513,-1.5291211487027783,2.674284782055378,-1.496440272554428,1.9134230666822787,-1.346860567531722,1.1973248986155596,-1.0609109013292621,0.5892885121964526,-0.6187026759801524,0.1624551662252536,-0.0,0.0,0.49041905131980895,0.12467722275522972,0.9284031587359156,0.4816728785917586,1.309345448498091,1.043566844390733,1.6298213810420006,1.7809344726780567,1.8875097581898084,2.662917931656876,2.0811159242735844,3.6577585730159776,2.2102976755846986,4.733291558724898,2.275594265420442,5.857404202745187,2.2783587813401405,6.998459648887227,2.220694076207894,8.12568761995959,2.1053923541052764,9.209544043441792,1.9358784450202362,10.222041392130594,1.7161567470631178,11.13705158090064,1.4507617705178362,11.93058323856581,1.1447121830236826,12.581035131861343,0.8034682283765181,13.06942746119599,0.4328923716900064,13.379612678858892,0.039213009911767446,13.498467403070714,-0.3710089220138687,13.416066918398858,-0.7909106235658829,13.1258436669142,-1.2133555549808306,12.624731046949123,-1.6309591911853483,11.913293748960673,-2.036112573195316,10.995845772035462,-2.4210038213665137,9.880557180949346,-2.7776377681557403,8.579550583140296,-3.097853860442264,7.108988227995436,-3.373342473266445,5.489150557857812,-3.595659768312194,3.744506971352991,-3.7562412217934225,1.903779495136813,-3.846413937762884,0.0
273,4,-1.2025288480451388,2.3759049077916665,-1.0831859874345617,2.2560786612282193,4.996885612028808,5.0037085469815255,9.028721368061248,9.505668828604655,-0.0,-0.0,-0.0502690593137245,-0.017110716452398898,-0.0052807608406718,-0.03440488763265061,0.10880039981922181,-0.010889000271410852,0.26814594437845424,0.08192581649427028,0.4513999968696657,0.2612273690481748,0.639781263624065,0.5341656502232753,0.8171501695010196,0.8991583578550744,0.9700419017908883,1.3472214078173348,1.0876669892544808,1.8633077685118113,1.161881778945304,2.427638947596742,1.1871317516595616,3.0170147943508274,1.1603710321360685,3.6060888620980482,1.0809617056319156,4.168598323541316,0.950556658904277,4.678539270174496,0.77296963732009,5.111280084511143,0.5540360710094437,5.444607389260458,0.3014679939281336,5.659700800061631,0.02470608310173772,5.7420342985203865,-0.26522849696984313,5.682203471824997,-0.5558801277723172,5.476679116393797,-0.8335007073799597,5.128488767447796,-1.0831859874345617,4.647828593748818,-1.2890050578816004,4.052608793148145,-1.4341220866492281,3.368936151210724,-1.5009097151246693,2.631537796743807,-1.4710537684480742,1.8841304215690833,-1.3256491609838776,1.179739345493832,-1.0452870621713113,0.5809718195502487,-0.6101335378898429,0.1602488890796774,-0.0,0.0,0.484338980192639,0.12310324076383385,0.9174853935436355,0.4757998601243814,1.2947280847887346,1.0312647671107795,1.612540507000507,1.7606167571235072,1.8685021001537572,2.633491084970973,2.06122179572818,3.61857323388814,2.190264172731766,4.684095080644305,2.2560786612282193,5.798294886505941,2.2599320768569946,6.929842713031396,2.2038446731551256,8.048232978606013,2.090529816665576,9.124145943980343,1.9233373216177456,10.12977994997617,1.7062004250731122,11.039156234459861,1.4435863384976213,11.828398134467449,1.140450276428605,12.47598643814855,0.8021928359793344,12.962992594475772,0.4346205811798983,13.273291420325847,0.04390967249410344,13.393754867891627,-0.3634276267145963,13.314428333219068,-0.7805737393577555,13.02869090130125,-1.2004340329705647,12.533400836503331,-1.6156627189789359,11.829027540672072,-2.01868656070102,10.919771116315342,-2.4017265523385194,9.813670589660926,-2.756817724449912,8.522701768924732,-3.075827223791633,7.062865637245705,-3.350470807262163,5.4542681078220445,-3.5723278812315757,3.7211919010210597,-3.7328552089816913,1.8921612397319585,-3.8233994004758554,0.0
